17 23 21 17 17 17 17 17 17 17 17 17 17 17 17 17 17 17 17 17 17 17 27 17 17 17 17 17 19 17 17 25 17 37 27 17 17 17 17 17 17 17 17 17 17 17 17 17 17 17 17 17 17 17 17 17 17 17 19 17 25 17 37 17 17 17 17 17 17 17 17 17 17 17 17 17 33 17 17 17 17 17 17 17 17 17 17 17 17 17 17 17 17 17 17 17 17 21 39 17
29361 13553 98032 18789 3730 876 45188 38894 38806 4139 10148 135 24092 545 878 3836 1828 5045 13259 3300 20786 4037 79415 9510 636 205904 177144 3497 22608 6708 129348 27390 6246 28663 1110 1988 3565 68828 17600 35897 22532 5169 17068 1630 569 13453 2487 4176 43864 530 25451 530 20053 4636 618 178 5657 6250 67997 34706 17944 20786 17525 216009 29838 623 8639 50892 2929 18767 139970 58282 341 3420 6484 1457 1298 695 178890 558 26957 299 7196 18033 544 440 90124 5749 708 8016 52 4024 1833 2009 3614 42431 27230 5086 12311 1216

55 17 17 17 21 17 21 21 17 17 17 17 17 17 27 19 17 17 17 17 19 17 25 17 19 19 17 35 43 17 17 23 29 29 17 17 27 25 21 23 17 19 21 19 17 17 17 17 17 41 17 25 17 23 17 21 39 17 17 41 21 21 21 27 17 19 17 25 17 21 19 19 17 29 23 17 17 23 21 17 21 23 17 17 31 17 25 17 17 17 17 21 17 17 27 17 19 17 17 17
5953 397363 8958 204614 19789 124998 2135591 1565635 81693 792254 564285 292704 132516 7381 822370 158750 6601720 5182 60001 365289 2171392 418131 429901 17096 48 414279 23163 2810983 734160 240541 367773 33253 10101555 4291627 969617 101287 488449 31883 10597 451521 1145599 10892 693761 118709 448379 159143 1246286 148956 4258435 151134 4610 2662446 5068950 4160663 13029 151578 1189180 193470 5905304 393815 803774 118070 104796 647076 222501 58326 10650144 2015409 13671 687773 3766582 1107101 828612 257030 636798 10666750 1601554 138164 27526 320516 722423 3862767 4656 182537 1370527 101741 42202 252204 456732 7243595 746445 64049 140646 276113 978303 5173096 659275 151940 6368824 1468881

17 17 17 17 21 17 25 17 21 17 17 17 17 17 17 17 17 17 17 17 17 17 17 17 17 17 17 17 17 17 17 17 17 17 17 17 17 17 17 17 17 17 17 17 27 17 17 25 17 17 23 27 17 17 17 17 17 17 17 17 17 17 17 17 17 17 17 17 17 17 17 17 17 17 17 17 35 17 17 17 17 17 17 17 23 17 17 17 17 17 17 17 17 17 17 17 17 17 17 17
11293 660 108245 52986 6789 12566 22769 2035 740 144861 136852 1856 76618 30535 3843 172720 4218 6820 877408 503557 2568 2838 41135 3072 415839 6866 1203 63926 312 30888 8801 168514 1392 73121 52588 2695 7895 1038 453638 822 180989 433 33276 7412 3663 989 18451 20747 86129 515 90802 9400 7754 88400 10201 298898 3821 91696 17243 80020 21986 10762 70099 1497 70470 7603 5447 20971 115497 5610 24364 8642 99801 1156 95 10261 69300 1195 467 130743 201677 4946 8494 14111 5162 121869 2937 3240 417103 296150 4292 25178 23266 43047 8079 52640 108653 111319 526 1928

17 19 23 17 35 21 17 17 19 43 17 17 21 61 23 21 17 19 19 29 25 17 21 17 19 21 29 21 17 21 19 17 17 17 21 25 21 19 17 17 23 29 21 19 21 21 21 17 17 17 21 25 41 31 27 17 25 17 23 19 17 19 25 21 25 19 19 17 17 59 27 17 19 23 17 17 29 33 17 27 19 19 17 17 17 17 17 25 21 43 17 17 21 21 17 17 17 17 23 33
1496421 11011 162990 327223 6915 174842 433148 101445 533545 222576 27084 1340900 148135 145946 3244477 73048 2607 19370 1263 130263 140536 12236 4774 33022 4025 1023130 231790 1096261 956423 1941 54808 1218910 1320263 45006 213401 139853 24356 1151 53753 472687 8357 331540 2911486 4160 24931 14135 446299 17925 265702 11601 63196 826808 142784 6260 101718 17042 880352 2162883 5624 149514 1061 31648 126031 697293 110555 1983770 7237 212240 2179911 586523 56259 12401 18320 73771 28496 1596738 312199 232213 457409 87439 177078 17012 17580 46607 20534 7794 59296 393074 252971 126015 485093 4257 4833 43885 2576430 10996 1028262 51122 2440056 15798

17 17 17 17 17 17 17 23 17 17 17 17 29 17 17 17 17 17 17 17 17 17 17 17 17 17 17 17 17 17 17 23 17 17 17 17 17 25 17 17 17 17 17 17 17 17 17 17 17 17 17 17 17 17 17 17 17 17 17 17 17 17 17 17 17 17 17 17 17 23 17 17 17 17 17 17 17 17 17 17 17 17 17 17 17 17 17 23 17 17 17 17 17 17 17 17 17 17 17 17
2459 1015 2130 947 1264 1977 35743 31916 2118 2740 1880 12765 3563 8217 54231 498 91434 273 14248 540 1526 3407 658 567 7490 5986 4649 321 4721 137 268 4165 7271 1619 265 1432 527 1331 5370 8825 6763 2237 1196 1893 5610 2356 139 355 63 5746 575 104 37 343 488 132 8388 1176 1614 3385 7420 3911 555 344 10360 22521 184 4571 184 1102 7203 2439 954 16982 4868 784 559 32162 640 1107 1354 960 1561 38541 7251 10706 2050 1973 5747 211 11729 556 264 324 12565 74966 36 6249 27231 465

27 17 19 21 23 17 29 17 21 17 17 17 19 17 19 19 17 25 17 17 25 17 17 19 17 19 17 19 17 17 17 17 19 17 17 17 17 21 19 17 17 23 23 19 25 17 17 17 17 17 17 23 17 21 17 17 21 17 17 17 17 17 17 17 17 17 17 17 17 17 19 17 17 17 17 21 17 17 17 19 17 17 17 17 23 17 17 25 17 27 17 17 17 17 33 17 17 17 17 17
3728 1507 397 1202 1223 401 1792 989 3029 5580 874 859 991 5012 10587 4055 274 4724 3297 642 2019 1181 345 35 908 7663 4694 454 470 22858 881 33194 7265 1838 3863 7130 1087 1173 11621 1745 8567 2873 760 6445 1866 654 13898 6991 4565 5612 555 848 11366 1160 1572 6325 20452 7417 7803 2925 1755 821 1916 1177 309 539 234 628 1150 5916 1476 2198 65 699 2750 3857 1551 4166 3816 3935 556 17337 5058 855 1003 468 4504 27149 4741 6798 1837 9614 765 4915 4190 336 10441 1791 11776 4299

19 17 17 17 19 17 17 17 17 17 17 27 17 17 17 17 17 17 17 19 17 17 17 39 19 17 17 29 17 17 17 41 17 19 17 17 19 17 25 17 19 17 19 19 17 17 17 17 25 39 17 17 19 17 17 17 17 25 23 19 17 17 23 17 27 17 19 17 17 17 17 17 25 45 17 17 17 17 23 17 17 17 17 17 17 25 19 17 25 17 19 17 17 17 23 31 17 17 17 17
17219 35464 7836 543181 14387 169531 49978 79355 16655 4369991 26793 246623 77509 45272 10001 401912 124642 1631 144087 161769 271846 34494 932917 42551 140195 4833 146793 1192 1777 180645 21189 2318 90618 244 2075665 41086 73540 15994 20005 503206 959716 59416 6941 42704 132 23922 687122 6656 689249 6862 161442 186347 137141 61480 669275 72221 225808 2478 202319 14695 3840 19945 26207 2941717 1242127 1286 33840 26122 7370 217083 1292 10556 1013 243248 851245 45614 63423 30122 80834 34380 47521 246315 437621 35827 90183 38809 284077 129762 1004623 318520 20074 705600 160629 12029 17231 2353 163575 5136 286 25480

17 17 17 17 27 23 17 17 17 17 17 25 17 17 17 17 23 17 17 17 17 17 23 17 17 17 27 17 17 17 17 17 17 21 17 17 17 17 17 17 17 17 17 17 17 17 17 21 17 21 17 21 17 17 17 17 23 17 17 17 17 17 23 17 17 17 17 17 17 17 17 21 17 17 17 17 17 17 31 17 17 21 17 17 17 17 17 25 17 17 17 17 17 17 17 17 23 17 27 17
1964 401 346 12025 14133 563 595 3159 3504 186 251 13525 1637 2282 3421 39886 1484 1716 17221 8607 4164 58272 5490 7678 2298 144 3160 1333 216 27999 3412 19811 1367 3077 1598 240 1295 15424 6059 10154 2574 892 2211 13850 6300 630 1369 853 1884 2453 1005 1369 7806 14390 5110 119 3774 3703 1356 7144 141 23757 572 712 213 3944 2272 7101 1193 1380 6261 3821 10822 1697 1085 737 3001 63 9605 3252 761 1697 4761 1458 568 891 1361 1211 5443 1724 3391 4146 7366 952 239 5246 18520 352 4857 343

17 17 17 17 17 17 17 17 17 17 17 25 17 17 17 17 17 17 17 33 17 17 21 17 17 17 17 17 17 17 17 17 17 17 17 17 21 17 17 21 17 17 17 17 25 17 17 17 17 21 17 17 17 17 23 17 17 17 17 17 17 17 17 17 17 17 17 17 17 17 17 17 17 17 17 17 29 17 17 17 17 17 17 17 17 21 25 17 25 17 17 17 17 17 17 17 17 17 17 17
48 112041 35848 297819 277441 1810 2163 1224 38475 1805 76480 12561 55238 5826 116214 274998 3639 339760 53460 25975 83527 260486 3380 118453 1821 25436 10706 418953 14753 133242 49299 541957 4749 11673 7346 52566 145636 88231 14390 2174 3435 395460 38354 25635 181489 7222 26270 30883 3535 5758 147821 180844 205893 2604 1366 3006 7301 30437 51647 890 11091 98252 18305 2890 567807 801 3115 5178 212819 217133 248466 27080 131217 33040 72 14392 98103 33757 435 27314 226036 106370 10795 1372 99941 4964 71719 6526 149397 11549 28696 1061 134553 10466 87148 75824 77 8403 1682 3128

17 17 17 17 17 31 17 17 31 17 17 25 45 17 35 23 17 17 17 17 17 17 25 17 25 17 17 17 17 17 17 17 33 17 29 17 17 17 17 21 55 17 17 41 17 23 17 35 17 17 25 17 17 17 17 17 17 17 29 17 17 17 17 31 33 17 17 17 17 17 25 17 17 17 17 17 17 17 25 17 33 17 17 21 17 21 17 17 17 17 29 17 17 17 17 31 17 29 17 17
57035 439415 520989 204875 14208 2925487 72648 41421 34087 551708 3036283 5354975 2797500 961840 1758035 2282490 21849 29898 1806562 4083801 2825796 545439 11890 299672 2237 99936 20607 167515 1238 4344243 19367835 866170 64943 2269 560689 449897 312281 529484 431848 361303 1933798 110373 887146 187572 206424 31984 10824 3255143 156465 170718 1461451 27175 18232 2227679 1497078 18865 1195265 1523873 351782 1636439 14787 80713 5761801 831107 242841 35833 761109 5749312 3381 307303 21469 8724634 19167110 3117768 1343472 243572 1810 14801 19765 150004 33936 69300 14034 3124303 2646876 100351 1095836 312020 40416 981201 203281 4268 3111602 12040 473761 499717 1394760 339674 2158439 4959

17 17 17 27 17 17 17 17 17 17 23 17 17 49 21 17 17 17 17 39 17 17 17 25 17 17 17 17 17 17 23 17 17 17 17 23 17 17 33 17 23 17 17 17 17 17 17 17 29 33 23 17 23 17 25 27 17 17 17 17 17 17 17 17 23 17 17 17 17 43 31 17 17 17 49 23 35 17 17 17 17 17 71 17 17 37 17 25 67 23 17 17 17 17 17 27 37 17 17 17
182953 313569 51990 230897 113735 62005 487409 632211 5182846 3344477 1435286 3356066 1930723 1995410 1010853 24399 8123849 579919 202578 2377033 400641 1945148 910868 572986 793102 334627 2424730 3481937 86990 3349849 470277 311287 9717495 45044 1163333 2725 7789 103135 7161 3722 13855 6894506 5810 95225 2433065 6657 22840 718352 2594933 161282 77044 3223807 98408 998 68742 21264 11732 1956419 1384612 307496 1933534 1245 1976745 314250 394748 568696 14321 814464 92394 267460 118836 3214597 1174965 1259579 264884 1859866 682768 306445 12767267 274470 1765506 2701 100608 549104 203943 198037 6087 1690591 854589 2552439 490406 1042884 67161 1052272 244817 48541 2780967 121261 919169 95327

29 23 23 33 19 17 17 17 29 25 17 17 19 19 17 19 19 23 19 21 27 37 31 19 25 23 29 21 19 29 23 23 21 17 23 19 21 39 17 17 21 23 17 19 17 23 21 19 17 25 17 49 21 25 27 33 35 35 29 21 17 27 23 17 19 25 29 33 23 23 47 19 25 17 19 17 25 19 19 21 21 27 25 35 17 27 19 19 17 17 17 29 17 19 33 19 17 17 23 21
68233 1815022 2624600 257953 14734 267270 548 1825593 13027 1129746 242754 2849 49959 127865 37811 2227459 17851 19185 870597 460738 2623 256290 388123 79323 7768 23297 551779 459 194891 5640 2195392 3363996 2441846 2229486 7274 618 4850 1057155 47223 2248885 338148 1241794 1979677 1623386 57361 251633 813229 129233 441969 24564 2326564 1348341 20077 37228 187914 56261 403587 637309 406034 48164 6136 197637 1991729 3414911 6517 740000 29516 12093 1438343 83438 5313 35581 231730 114562 275475 2056824 258091 30142 297729 368283 375237 806534 187131 1575479 19908 1227719 1618781 13280 261105 146759 7249 4127 1607595 386632 853848 199972 122040 405151 224212 8421

17 17 17 17 17 17 17 17 17 17 17 17 17 17 17 17 17 17 17 17 17 17 17 17 17 17 17 17 17 17 17 17 17 17 25 17 17 17 27 17 17 17 17 17 17 17 17 17 17 17 17 17 17 17 17 17 17 17 17 17 17 17 23 17 17 17 27 17 17 17 17 17 17 17 17 17 17 17 17 17 17 17 17 17 17 17 17 17 17 17 17 17 17 17 17 17 17 17 17 17
10609 2530 279 379 14151 433 1487 3598 47186 544 2936 19145 212 2652 2424 123 1082 3848 1656 2036 827 2515 294 6324 811 144 4298 4175 696 1075 424 442 13274 1220 8096 6293 4423 5904 7892 437 1167 25283 528 5508 2646 4057 6368 136 1135 2932 2 2877 503 5604 12702 6781 1923 510 351 3567 57 4404 10834 210 719 1412 12709 359 357 2824 1956 5179 298 3572 13152 815 1694 8282 746 1959 466 961 209 1751 6472 1682 352 8846 3166 20983 2313 284 1315 911 1315 1664 4055 2519 217 389

15 15 23 15 15 15 15 19 15 15 15 15 15 23 15 25 15 15 15 15 15 15 15 15 15 15 15 15 15 15 15 15 15 15 15 15 15 15 15 15 15 15 15 15 15 15 15 15 15 15 19 15 15 23 15 15 15 15 19 15 15 15 15 15 15 15 15 15 15 15 15 15 15 15 15 15 15 23 15 15 15 15 15 15 15 15 15 15 15 23 15 21 15 15 15 15 15 23 19 15
3051 2583 811 6584 1284 67 3805 4925 4740 897 834 1158 11445 770 1449 8604 2090 9535 36 3404 335 52 837 1296 528 1805 2195 1092 8618 2774 966 24028 817 26025 20157 1288 4685 419 238 483 9 493 339 10586 103 1449 4695 487 103 2999 4791 22855 211 2832 481 13930 52 8913 6964 6 2812 735 504 1426 75 583 206 479 522 5115 740 1520 766 2181 1726 418 6864 843 271 156 11047 1449 387 8117 3539 7222 277 921 3103 1470 177 4327 10990 7500 4280 495 1545 547 6871 5717

15 15 15 15 15 21 15 15 15 15 15 15 15 15 15 15 15 15 15 21 15 15 15 15 15 15 15 15 15 15 15 15 15 15 15 15 15 15 15 15 15 15 15 15 15 15 15 15 21 15 15 15 15 15 15 15 15 15 15 29 15 15 15 15 15 15 23 15 15 15 15 15 27 15 29 15 15 15 15 15 15 15 15 15 15 15 15 15 15 15 29 15 15 15 15 25 15 21 15 15
1077 1045 3332 577 35 581 10 10831 364 2197 380 15134 1454 198 83 4323 10650 3526 1163 261 959 1410 1322 4 807 9175 720 70 7990 16062 1305 5069 7323 64 331 9778 3470 9232 275 292 11447 1503 3713 6791 11957 6958 1409 1567 6652 505 1700 1782 13706 6353 311 1579 7120 10344 756 2806 422 629 7719 268 3528 1563 739 2 1397 147 4937 207 9709 1350 1943 1007 3974 275 2335 976 262 4987 1134 1309 2413 1187 913 1857 1074 1404 1513 770 2736 15360 768 1179 7391 3231 5658 4415

15 15 19 15 15 15 17 17 15 19 15 21 15 15 15 17 15 15 15 15 17 15 15 17 15 17 15 15 19 25 27 17 21 15 15 15 15 15 15 21 23 15 17 21 31 21 19 21 15 15 17 15 15 15 15 15 21 21 15 19 15 21 43 15 15 25 15 17 15 17 15 15 17 15 15 25 15 15 15 19 19 19 15 27 15 25 17 15 17 15 17 21 21 15 15 15 17 17 17 15
7557 427 1197 24893 6334 522 3036 1754 1374 876 974 2194 3725 1975 2612 14690 1264 573 4379 8606 508 1378 493 9006 651 1080 554 2099 607 6548 6651 2110 3429 1385 4777 6038 12223 3133 30896 919 6276 919 979 1705 2144 1998 8441 1724 557 3971 15043 1065 356 1343 11159 1429 5471 34003 34188 632 12691 5481 14687 6387 482 2899 1567 595 1063 12699 7982 7357 1092 444 1699 1442 1299 22884 2901 4616 5410 1477 9450 51993 463 1861 606 2363 1581 6790 501 3989 2537 5782 3109 396 871 497 1385 1286

15 15 15 15 15 15 27 15 15 15 15 15 15 15 15 69 15 15 15 15 15 15 15 15 15 15 23 15 15 15 15 15 15 15 15 15 15 15 15 15 15 15 15 15 15 15 15 15 15 15 15 15 15 15 15 15 15 15 15 15 15 15 15 15 15 15 15 15 15 15 23 15 15 15 15 15 15 15 15 15 15 15 15 15 23 15 15 15 15 15 15 15 15 15 21 15 15 15 21 15
2971 1298 11995 10352 11748 34525 5824 117 5042 25772 3679 7189 15313 17667 155 16356 22713 9031 7562 132 504 4546 1810 11344 4509 633 23256 43558 5337 3729 8567 26482 19599 1165 2794 33602 2919 80396 2492 5626 588 1851 750 48644 9394 280 2020 6350 864 33747 18201 723 44531 1433 10047 1225 981 73586 2524 684 1 1956 77 8681 2241 2339 3595 7654 3244 1153 3216 4799 22548 22849 5405 17106 10518 2908 2418 2064 8 150 24219 596 1113 2430 3528 295 11791 158 6183 3431 21302 47517 13125 7078 1838 1092 5336 5248

15 25 15 17 15 19 23 17 17 43 17 17 17 19 15 21 17 17 15 15 25 25 27 19 15 21 15 17 23 21 21 31 15 17 15 27 17 15 15 17 15 15 19 15 29 15 15 21 17 15 15 15 15 15 17 17 19 17 17 27 39 17 17 17 25 15 15 25 15 23 17 21 15 15 15 17 21 17 15 15 23 15 17 23 17 17 15 15 15 15 17 27 15 15 15 15 15 15 17 17
28565 66547 99277 8656 536 7985 6287 88880 1640 70403 44621 80170 18289 7840 246518 1129 10702 1091 12486 44752 3955 58863 17652 11206 48119 28909 82125 3848 13762 9322 21792 3639 857 63755 17416 94084 16984 5353 2196 1694 4675 2159 9842 1467 8881 178974 4109 11375 4210 1396 20663 54900 22748 32676 417 87003 13324 18115 641 6174 5688 32246 682 63 8401 33828 6239 6456 1104 16554 11002 15939 166966 77478 2147 20686 113569 2927 23086 24984 5236 234290 829 81692 44368 83088 42985 7518 156 9824 479 7895 5020 45043 13269 23393 133937 78186 747 747

15 15 15 15 15 15 15 15 15 15 15 15 15 15 15 15 15 15 15 15 15 15 15 15 15 15 15 15 15 15 15 15 15 15 15 15 19 15 15 15 15 15 15 15 15 15 15 15 15 15 15 15 15 15 15 15 15 15 15 15 19 15 15 15 15 15 15 15 15 15 15 15 15 15 15 15 15 15 15 15 15 15 15 19 15 19 15 15 15 15 15 15 15 15 15 15 15 15 15 15
574 343 352 902 136 508 37 520 551 213 198 194 2833 275 13008 67 642 133 569 406 618 133 411 202 284 3029 412 205 276 377 58 877 1088 937 140 1201 199 698 483 4594 386 353 1293 197 64 183 324 2848 871 344 336 3241 1090 52 136 488 204 306 740 714 1041 208 652 142 592 737 151 171 65 61 621 4352 331 1282 1745 393 352 249 423 1283 169 264 52 868 642 1308 433 2044 236 160 543 291 1689 271 412 694 2250 2460 267 353

15 15 15 15 15 15 15 33 19 15 15 15 17 15 23 15 19 25 15 15 15 25 17 15 15 15 15 35 19 15 15 27 15 15 15 19 23 15 15 15 15 15 15 15 15 15 15 23 15 23 39 19 15 17 15 15 15 15 15 19 17 39 15 15 15 19 15 15 15 15 17 27 39 15 15 17 15 15 15 21 27 15 15 17 15 15 15 15 15 15 15 15 15 19 15 17 17 15 23 15
92 2200 19852 473 104427 171 243798 19257 4276 117 1573 22403 16480 25870 1969 2144 18393 154007 999 5290 310 9463 119124 153314 289535 82590 38315 4021 815 1678 4068 18712 14024 29327 106384 25780 5905 19412 31110 7541 7431 3004 424 1023 11837 4892 522 62310 1519 5345 23361 2351 858 407 247 39883 69521 1129 343527 1239 8022 13553 16935 7024 2121 1093 58571 300 138615 4136 8777 393001 7972 37678 2594 944 10167 310 17875 232029 29926 6509 40418 1113910 367 32555 3210 5791 2800 143476 2348 72206 176 8090 13516 31842 3957 105494 1653 19389

21 15 23 15 19 29 21 15 21 15 15 23 15 21 25 15 15 15 15 23 15 15 19 15 21 21 15 15 15 15 15 21 15 15 15 15 15 15 21 19 15 21 15 25 15 15 15 35 23 15 15 15 15 15 35 19 15 15 23 15 15 15 15 23 15 15 15 15 15 15 15 15 15 15 15 27 15 27 21 15 15 15 19 15 19 15 27 15 15 15 19 19 25 15 15 15 15 15 15 21
838 4234 14018 3244 115781 15530 72932 2198 3929 16571 23064 575 1300 135608 6302 30854 5744 37092 64963 15717 4060 58291 2344 21798 169 146078 623 3057 970 29989 2535 106390 17670 8422 36295 999 1067 1872 489 379 15856 15676 3312 99287 37673 78804 283 80850 60874 394 75 12273 3237 7712 107476 633 2942 86291 539 10060 7952 10550 12253 943 1015 13422 16513 413793 6557 12847 1343 112122 50395 2454 216524 10159 1329 7798 39716 14501 32330 131 7141 1221 159473 1050 1794 72851 793 9107 27768 2744 76477 37121 13730 11415 13027 31373 5179 312

15 23 23 15 15 15 15 15 15 15 19 19 17 19 15 15 21 15 15 17 25 19 27 15 15 15 15 15 15 21 15 19 15 15 15 15 15 15 17 21 15 21 15 15 15 15 15 15 15 15 17 15 15 19 15 15 15 15 15 19 15 15 15 17 15 15 15 21 25 15 15 23 37 15 15 15 15 23 15 15 15 15 15 15 15 25 15 15 35 15 15 15 15 15 29 35 15 15 19 17
2543 685 1206 7546 5361 1363 1947 7866 258 2733 328 7913 1258 334 1018 80 30891 1768 496 26664 8960 1105 481 147952 4607 6466 6537 22661 32 623 16979 318 1586 67150 356 2919 23947 615 3465 871 1833 5514 3628 8428 14210 6441 5744 679 20200 1257 4045 11401 4260 59775 2838 613 3866 499 14800 4177 2876 19250 1530 1359 2471 12377 17808 945 4984 533 4 741 1184 11933 6 67682 547 6299 2815 3327 66279 142 70 5735 33458 972 1975 2942 1688 21889 3381 11530 960 3242 53424 24243 1166 13584 1779 5638

15 15 27 15 39 17 15 15 15 15 15 15 15 15 15 15 15 15 25 19 15 15 15 15 15 15 15 15 19 15 15 15 15 15 15 15 15 15 17 15 15 15 15 15 17 15 17 15 19 21 15 15 15 15 15 15 23 15 15 15 15 17 15 15 15 15 15 17 19 19 15 15 15 25 17 15 21 15 15 17 17 15 15 15 15 15 15 15 15 15 15 15 15 15 15 15 21 15 15 15
8482 714 1105 1594 13489 3059 655 1609 4389 3393 6717 11974 2199 429 5610 438 246 755 1065 2682 2087 4745 4745 1583 3597 2678 1094 5205 1495 23784 501 1104 541 2800 4603 5884 29216 8090 2805 2745 313 10783 3419 16728 12290 3816 524 15985 9671 4446 5768 3452 2204 16975 448 2440 941 12968 12910 3831 15885 1600 11294 801 581 46111 440 19077 1103 1822 317 63661 653 1060 7224 381 1153 2763 15562 367 1428 859 15234 8069 8950 380 63 22094 273 13128 5754 241 276 1692 4839 1423 3038 247 669 18903

15 15 25 15 15 15 15 15 15 15 15 15 15 25 15 23 25 15 15 15 15 15 15 15 15 15 15 15 15 15 15 15 15 15 15 15 15 15 15 15 15 15 15 17 15 29 23 15 15 33 15 15 25 17 15 15 15 15 15 15 15 15 15 15 29 15 15 15 15 15 15 15 15 15 15 15 15 15 15 15 15 23 15 15 15 15 15 15 15 17 25 15 15 15 17 15 15 15 15 15
21391 2640 5769 32604 855 675 8 58468 755 17041 260 10284 1314 11928 16769 4711 31556 2618 96 8133 5103 4007 1546 1165 14150 19096 111820 10930 4682 6000 1071 7104 11857 164 18132 1742 624 1381 332 200 3692 22450 1894 248 5140 5136 3804 66472 5536 4156 13427 36242 946 13784 5664 4272 1771 23227 707 341 132 17463 5246 3425 27342 922 7845 6991 3842 12520 841 1883 781 10676 7 6533 3907 15825 7603 8295 4129 1209 561 36818 50812 18845 101 1769 909 232 28389 722 3020 120712 20495 7292 422 631 9206 13162

15 15 15 15 15 21 15 15 15 25 33 15 15 15 15 15 31 15 15 15 15 27 15 15 15 15 15 15 15 23 15 15 15 15 27 15 15 21 23 19 15 15 27 15 15 15 15 15 21 15 15 15 15 15 15 21 15 15 15 15 15 15 15 15 15 15 15 15 15 15 25 15 23 15 15 15 15 15 29 15 21 15 15 31 15 29 15 15 15 15 15 21 15 15 29 15 15 15 15 15
2878275 17992 2235 8928 146031 2444919 40337 109678 515061 78967 315621 18926 912 81054 99356 369896 31712 86608 231743 313011 72066 5929 50226 56628 184289 1650 468395 314236 1144 111726 18293 137464 118087 18235 644132 1107313 4828 52899 513748 207490 492 85619 1380108 3605 40299 47650 44930 1063671 2787 11388 2962 252955 542 756522 6093 50542 61645 2186 361356 325491 36184 295986 87731 69235 88746 120623 73383 4604 306306 15797 4867 287690 213728 85815 181379 371004 37859 35125 159206 301634 379529 54149 205513 36522 388324 57933 29707 28526 1782 90704 24870 38156 7217 116180 18122 5511 131098 646296 3623 301675

15 17 21 19 15 15 15 17 17 15 17 15 15 15 17 15 19 15 17 17 17 15 21 17 17 17 15 17 27 15 15 15 15 17 15 17 21 17 15 15 15 15 15 19 15 15 17 17 15 17 17 15 17 17 21 15 15 19 17 15 27 15 15 15 15 15 15 17 15 15 17 19 17 15 15 15 15 23 15 15 25 23 23 17 17 15 15 17 15 17 17 19 17 17 15 15 15 15 15 19
2216 5586 5552 626 12595 6705 2533 489 684 27133 7770 12082 480 1330 4538 1666 2442 2187 9984 1401 4693 199 12934 263 41022 783 3759 470 1491 10310 1447 1841 1284 3979 6836 782 1571 6589 351 1077 139 3952 6798 1320 5900 14728 5336 843 6580 1868 407 4197 1688 9571 4398 1601 781 380 4857 5570 1336 163 786 3328 10886 15882 1654 24206 9268 337 892 2163 2491 416 8903 22016 1923 1063 2082 1295 3813 21756 13242 1759 18398 991 1091 2722 3332 1998 3143 1138 27263 926 7853 541 3098 781 1168 2985

17 15 15 15 17 17 19 19 19 17 15 19 15 15 15 15 17 15 15 15 15 15 15 19 15 15 17 15 15 17 15 19 15 15 15 15 15 15 15 25 17 15 21 15 15 15 15 15 29 17 15 15 15 15 15 21 19 15 15 15 15 15 15 15 15 15 15 15 23 15 17 17 15 15 19 15 15 15 15 15 17 15 19 17 15 15 15 15 15 27 15 17 15 15 15 19 19 15 15 17
1134 1109 1617 2194 4966 829 761 1275 702 15079 1143 4674 328 821 982 1457 462 1337 364 288 808 1528 8216 3806 2651 1114 3717 6090 551 3942 427 2416 2800 2146 4517 1214 391 4607 3711 1210 4971 1790 1147 817 691 2222 1384 1194 1447 2958 1376 591 3826 840 356 1517 7579 10408 6351 766 496 4615 990 1369 799 983 2404 3004 3826 629 4426 2175 363 424 1168 1155 1874 1197 356 3744 2137 353 603 763 636 1888 700 359 8085 1120 847 482 228 714 145 1513 1934 3177 3286 2100

28 16 16 16 16 16 16 16 16 16 24 16 16 16 16 16 16 16 16 24 16 16 16 16 26 28 28 16 16 16 16 16 16 16 16 16 16 16 16 16 16 16 16 16 16 16 16 16 16 16 16 16 16 16 16 16 16 16 44 16 16 16 16 16 16 16 16 28 16 16 16 16 16 16 16 16 16 16 26 16 16 16 16 16 16 16 16 16 36 30 16 16 16 16 22 16 16 16 30 16
64979 101880 2030 2934 2218 670452 514714 191779 64374 1634 577956 170880 20591 195844 2959 2110 2990 6217 2187 459604 5006 58682 279355 175054 18427 4983 7171 6112 784 185640 60692 12621 183555 126406 33468 591930 134493 14235 24519 43489 203262 25705 45228 341554 878 3066 1477350 134910 160772 67025 6562 29465 20294 1822 3202 91814 72068 63675 3120 6389 73623 27705 444399 132214 702521 7471 380561 74263 2208 768 52614 17334 60980 82078 3197 178357 2251 274 37381 400 2663 735863 46818 65955 85230 24446 129837 100380 2856 35470 9269 109291 4415 57133 643 109808 14220 3003 88570 3743

16 16 16 16 20 24 16 16 16 16 28 16 16 16 16 16 16 16 16 16 16 16 16 16 16 16 16 16 16 16 16 16 22 16 16 16 16 16 16 16 16 16 24 16 16 16 16 16 30 16 22 30 16 16 16 16 16 16 22 16 16 16 16 16 16 32 16 16 16 16 16 16 22 16 16 16 26 16 24 32 20 22 16 16 16 16 16 16 16 16 16 16 16 16 20 16 16 16 16 16
21321 27046 18313 7114 4009 16783 914 1537 34130 3790 14035 1294 15647 2997 18160 32794 19573 1515 420 175 11399 17992 12325 3047 1549 504 38143 194702 41196 11151 162005 2517 485 17250 2935 4253 8125 35762 26354 7881 3122 1644 10102 775 18833 2313 439 69992 1918 215804 33994 7732 30619 150 106 5880 3799 199 19399 16927 66109 2791 13749 1950 3823 3239 12499 10622 135 29485 200 18015 14373 181 737 2308 23123 79621 38524 3161 17756 2684 1221 13785 3451 220 31660 2940 1662 278 9395 40987 1760 6714 194494 292 3448 7912 76 2735

16 16 16 16 16 16 16 16 16 16 16 16 16 16 16 16 16 16 16 16 16 16 16 24 16 16 16 16 16 16 16 16 16 16 16 24 28 16 16 32 16 16 16 16 16 16 16 16 16 16 16 16 16 16 16 16 16 16 16 16 16 16 16 16 16 16 16 16 16 16 16 16 16 16 16 16 16 16 16 16 16 16 16 16 16 16 16 16 16 16 16 16 16 16 16 16 28 16 16 16
77 507 773 82 295 77 4 980 575 1395 889 1311 76 908 2210 607 892 1904 517 355 481 2639 75 341 1239 470 8699 894 906 961 824 72 596 512 1759 1239 967 461 2159 1321 216 432 2789 4413 2616 65 152 814 3361 728 204 890 429 445 149 294 79 70 210 373 1449 133 993 1062 336 941 120 673 1088 147 1834 37 146 618 3 2145 3473 7 3561 9868 1060 1871 367 3354 52 1953 76 7471 1403 290 447 394 555 190 615 1757 3476 509 1019 4

16 20 16 16 26 20 16 16 16 16 16 16 16 16 16 32 16 16 16 20 16 16 16 16 24 16 20 16 16 16 20 36 26 20 16 20 16 16 16 24 16 20 16 16 20 20 16 20 20 16 16 16 16 20 16 16 16 16 16 16 16 16 16 16 16 16 16 16 16 16 16 20 16 16 16 20 16 16 16 16 28 16 20 16 16 16 20 16 20 16 16 16 16 16 16 16 16 16 16 28
1107 53930 421 2719 2239 23489 7614 7896 243897 10156 2140 5871 37789 1049 9468 20416 8246 2283 4469 17357 7771 7339 1626 2734 1443 1632 4061 493 1968 2832 5695 2685 11022 22542 2056 11985 11231 295 883 4107 12213 716 12179 10848 21813 1315 10634 10447 16278 11720 62543 2026 455 13312 48228 683 11339 82331 12494 1202 2717 1690 883 553 10890 5915 4110 1601 6283 659 1893 3953 1182 525 468 345 4092 1440 38543 4938 14060 3867 1023 17380 5804 934 17641 325 1626 1434 8062 7229 5923 36742 20391 2863 5967 2637 124347 42870

16 16 16 16 16 16 16 16 16 16 16 22 16 28 16 16 16 16 16 16 16 16 20 16 16 16 16 16 16 16 20 16 16 26 16 22 38 22 16 16 16 16 16 20 16 16 16 16 16 16 16 16 16 24 16 16 22 16 20 30 16 16 16 16 16 22 16 16 28 16 16 16 16 24 16 16 16 16 26 20 28 16 16 16 16 16 16 20 16 22 16 16 26 16 16 16 16 16 16 16
2480 16891 2076 46569 347493 83036 148 1728 90695 74 29397 14992 644 1573 29961 5431 14709 12249 1346 32110 36873 11199 48545 2705 68166 8071 6125 85673 16593 108670 1212 658387 14177 9034 1384 81900 9595 38458 51558 135481 1713 10393 804 19834 34 166672 878 25328 5600 7805 53771 24905 54047 1388 722 64334 25587 12526 24432 55981 7808 6545 78157 143585 410 2577 5006 5236 106277 6933 52576 6091 100535 19395 3954 149201 6354 1825 12635 73093 215030 11194 698 53558 9700 24839 13437 15233 6276 38126 195 3783 9770 13383 1736 36025 175351 50103 778555 22619

16 16 16 16 20 16 22 16 16 30 16 16 26 20 16 16 16 32 16 16 16 16 20 16 16 16 16 16 16 16 20 16 16 22 16 16 16 16 16 16 16 16 16 16 16 16 16 16 16 16 16 16 16 20 16 22 16 16 22 16 16 16 16 20 16 16 16 22 16 16 16 16 16 36 16 16 16 16 16 24 16 20 16 24 16 16 38 16 16 16 16 16 16 24 16 30 16 16 16 22
39178 2077013 132548 1539010 94127 315 106060 48393 61318 123161 47811 1172424 73427 47995 153301 218818 846141 7530317 153348 2834 540715 139863 1136549 442687 509591 142277 360476 403370 219788 7179 396635 80832 8397 121341 25562 145858 158485 11378 4505 99890 48603 664277 1926319 13064 24500 4253034 970980 99080 156956 5218 8589 5274 833306 392586 3092 70161 5854 24527 8065 76130 40998 185124 1768 474471 142838 1072174 235350 839 1104690 530224 3044491 4965650 1388 2977040 1649867 338022 30888 221685 19812 114611 29928 100506 260605 992432 70765 69872 499492 77649 1600 37428 379819 37053 304313 20307 199039 311747 362214 68254 422247 113705

28 24 20 22 16 16 18 26 18 16 18 16 20 16 16 16 36 16 16 16 20 18 24 20 16 16 20 20 18 16 18 16 18 24 20 16 16 30 20 18 28 20 28 18 18 18 16 16 20 16 16 18 20 16 18 18 16 20 18 16 16 16 18 16 20 16 16 22 18 18 16 32 18 16 28 18 16 16 16 16 16 18 16 24 38 16 18 20 18 16 18 16 18 16 18 16 22 18 16 18
66242 112747 363467 46825 275384 1474 70407 50484 658428 461625 59566 25835 916 51024 11428 167458 9011 3815 15545 1266 942992 166669 167196 624 1276 299534 9561 11151 98015 333507 6827 16684 11701 10411 14996 1427 790 19380 24396 42525 2590 94524 33749 10777 15480 1171 15713 87545 70735 357906 1229283 15403 101478 1851 573433 1423 107286 84756 5202 41559 112124 14669 25350 55522 35716 16641 71805 179459 54868 34386 1833 2881 1761 1211 22895 13538 5265 8445 87723 4750 78402 1674 5706 11704 9882 353958 190545 7557 453859 45162 30005 1845 38705 195949 17750 13098 8787 17945 1140 3969

16 16 16 28 16 16 16 16 16 16 16 16 16 24 16 16 16 52 16 16 16 16 16 16 20 16 24 16 16 16 16 16 16 16 16 16 28 16 16 16 16 16 16 16 16 24 16 26 16 16 16 16 16 32 16 16 16 16 30 16 16 16 16 16 16 16 16 24 16 16 16 16 16 16 16 16 16 16 24 16 16 16 16 24 24 16 16 16 16 16 16 16 16 16 16 16 16 16 16 16
10878 1820 84293 1050 7 2850 243226 17774 23262 27274 91283 189487 2299 681 1623 648 1812 2477 882 30818 9183 4217 8150 169 20860 666 2503 2664 2056 6288 82449 5638 184815 6210 41721 339 8113 659 11289 139998 20501 2007 42788 415 71950 40730 1352 24195 1409 70709 1184 923 11284 31540 6559 130278 5522 121144 40023 7559 37651 90557 13595 49456 392 85 50661 22566 17017 302068 10435 33869 1732 217241 473 63014 6529 215577 2143 57687 813 209417 49268 57728 2722 732 4388 212 1269 5833 8199 10357 807 3538 14727 14860 15507 19206 6041 15610

16 16 16 16 16 16 16 16 16 16 16 16 16 18 16 26 16 16 16 16 16 16 50 42 16 22 16 16 18 16 16 16 16 16 16 22 16 24 22 16 16 16 24 16 16 16 16 16 24 16 16 16 16 16 16 16 16 16 18 32 22 44 16 16 16 16 18 16 16 16 16 16 16 16 16 16 16 16 16 16 16 16 16 16 16 20 16 16 16 16 16 16 16 16 16 16 16 16 22 16
2717 53932 40 9291 271 8534 1236 6504 8842 2489 14533 3857 9121 24604 378 14071 6951 8042 16272 2273 113289 1334 24073 6612 27655 5102 4557 1640 1848 2054 211 1165 728 442 94263 714 3980 17818 9063 31596 25504 2918 1555 16323 610 6112 52 100 984 5751 1382 234 3306 6737 1333 1018 7260 1575 11901 13293 2541 6166 14607 5038 5950 1495 804 23402 6750 1771 24964 2246 3813 3514 121 1720 738 139 153 2176 16300 9992 825 5065 1878 2656 441 9340 3898 463 223 43 16795 229 46807 2684 2989 488 55833 7395

16 16 16 16 16 16 24 16 16 16 16 16 16 16 16 16 16 16 16 16 16 16 16 16 16 16 16 16 16 16 22 16 16 28 24 16 20 16 34 16 16 16 16 16 16 20 28 16 16 22 16 16 16 30 16 16 16 16 16 16 16 32 16 16 16 22 16 30 16 24 16 16 16 16 16 16 16 24 16 16 16 30 16 24 16 16 16 16 16 24 16 16 16 16 28 16 16 22 22 16
130351 2691 1648 119476 867564 11188 4624 38257 2398 87355 5305 15267 5656 45915 167893 573 33921 221822 2178 78496 2887 228485 190659 13815 15123 67510 611090 1271765 385132 19271 1250143 101747 78439 75890 11930 174308 866 7706 274715 39543 9472 3724 32669 923 302 31631 569641 1010 265 164562 324771 279163 137869 25339 52863 67647 54131 45424 214045 120726 92378 183121 279415 80554 17661 143839 9182 48180 25905 8406 2823 422582 910 8099 169110 602764 11533 897224 44330 1005 12912 33058 58132 41292 48135 96237 33084 682630 4467 19620 54152 103824 35644 9758 4256 142776 216826 72689 39645 1803277

18 16 18 16 16 38 18 28 16 16 16 60 16 16 28 16 34 18 16 18 16 16 30 16 16 16 16 16 16 26 16 16 16 16 20 20 16 16 18 16 22 16 34 16 16 16 16 16 22 20 16 16 22 20 20 16 16 28 16 16 16 16 16 16 16 16 16 16 20 16 16 20 16 20 16 22 16 20 16 16 18 28 18 16 36 16 16 16 16 16 16 22 20 16 16 16 18 16 16 16
1118 43813 5466 2575 149543 6476 58432 2219 3351 669 1097 14723 406 7116 1362 22599 38769 990 17520 16282 3649 1219 11135 46569 124549 3033 1105 1100 2681 6819 15835 74800 8651 65605 3513 34668 382 5410 2766 99252 1596 48058 28030 1045 7018 1353 37368 13130 20241 465 25185 4212 4051 799 12790 28527 27215 50312 8785 61786 32164 258057 62532 20431 708 427 5064 21083 82384 2739 327 1879 1653 121152 32424 82449 1229 7369 41182 3601 2397 2204 9468 2133 2304 1548 14755 1114 3334 14125 73705 7409 43327 5229 2311 444 1352 83774 5608 8774

22 54 20 18 18 18 26 18 18 18 18 20 22 20 18 32 22 30 32 20 18 20 18 32 18 18 18 20 22 20 18 18 18 22 18 24 18 18 18 20 18 18 22 18 44 18 30 18 22 18 18 18 18 18 28 22 18 20 18 18 18 18 26 24 20 18 18 26 20 18 30 18 18 18 18 18 18 18 18 18 18 18 18 18 22 20 18 20 28 20 22 20 30 18 30 18 18 18 18 20
93540 26132 2335 156643 1126083 9480 99746 605421 68252 36778 1594 781509 415527 149856 43301 1656567 10649 70902 7864 168172 1759224 229773 900157 314905 371260 558717 1114573 23725 177737 337345 124139 194480 30746 9261 479216 363733 72676 38467 452016 39729 12345 95377 646454 40 108770 34663 42201 196314 327668 706373 259579 203 845471 880 10578 556 74160 49996 432190 132774 268079 8778 4407 10416 479263 3631 127739 490957 286373 433876 81493 6153 74384 140871 6182 2286 103 34822 17610 1812626 4751 41603 44526 45909 87188 44714 4205 151990 89713 11003 3141 2248745 49705 15565 3029 590268 203779 2500 9803 69782

18 18 18 18 18 18 18 18 28 18 24 18 18 18 18 18 28 18 18 24 18 26 18 28 18 38 32 18 26 34 22 30 40 18 18 18 18 18 26 18 38 26 18 22 22 24 20 18 18 40 18 22 18 28 18 18 34 18 22 18 48 24 18 18 24 18 18 20 26 22 18 18 20 18 24 18 26 22 24 18 22 22 22 18 18 26 18 24 24 18 22 18 22 18 24 22 20 22 34 24
343043 947 57644 2610 820 771315 47790 2192378 7927 165667 461 219 147946 3829 523008 476050 2068698 79746 1871 169668 22180 230452 28470 1456 3247608 143041 1169713 14575 64505 155833 48245 261042 4283 227464 191120 1321853 227678 80955 2413147 1414762 197310 6101 1245444 180 18882 1577060 8627 366203 2492707 56043 15490 109591 187750 47917 657770 2038 146052 58108 305381 1590 1385920 205730 2200534 706141 8923 207292 3733386 18384661 194841 1841988 313711 115357 37745 1995152 321337 1808 225243 2703317 4974 505772 49566 260533 171326 31263 406384 828383 890107 2316852 105756 5318 1210 143 42574 22956 741434 407433 941319 1592 21629 788228

20 18 24 34 24 20 18 20 18 24 28 30 18 48 18 18 20 18 36 30 18 18 22 22 22 18 18 50 26 22 18 18 22 28 18 18 18 18 18 22 20 28 20 18 28 20 22 18 18 20 18 32 18 20 18 18 18 18 18 20 18 20 24 18 18 30 22 18 24 18 18 30 18 18 18 18 18 20 26 18 26 22 20 20 18 20 18 32 20 20 18 24 26 26 18 18 18 24 26 20
273 450193 14848 33865 1897 173631 516747 26050 242 122246 3135 18274 11080 368530 1549 697476 22398 224478 7164 28860 8752 28904 33209 111956 15489 98556 485623 16315 14551 8983 610518 270157 34015 28773 1833 242654 667 103799 35812 6135 982196 381362 8383 6935 8967 72795 3196 36219 285995 160037 232042 8897 289860 938 13821 228231 21245 19386 21500 25274 30624 497053 166492 63583 80250 324680 975 644094 10629 242612 69533 3534 8615 10528 9334 15720 135 563 185169 49648 132621 4379 19980 8875 317 43399 245093 488183 93562 39586 1935 26500 4169 155185 1678674 408974 501 12736 83979 127145

