2197,26 20940 6 0,93 13,56 13
638,89 3498 37 0,81 13,92 13
6311,64 56155 2 0,92 13,94 13
6802,78 48406 9 0,82 14,6 13
518,06 3012 54 0,91 13,48 13
1036 6466 32 0,97 13,3 13
289,02 1684 1 0,98 13,16 13
1605,84 23403 48 0,83 13,7
1325160,87 216009 52 0,87 18,32 17
1315177,7 10666750 48 0,52 20,9 17
66979,44 877408 95 0,91 17,74 17
406340,59 3244477 1061 0,38 21,98 17
6966,82 91434 36 0,94 17,44 17
4316,32 33194 35 0,69 18,58 17
249877,85 4369991 132 0,68 19,42 17
5258,05 58272 63 0,82 18,2 17
78624,27 567807 48 0,88 17,86 17
1383820,5 19367835 1238 0,73 20,5 17
1209560,45 12767267 998 0,71 21,44 17
611984,15 3414911 459 0,24 22,96 17
4028,62 47186 2 0,96 17,34 17
3569,31 26025 6 0,88 15,8 15
3345,26 16062 2 0,9 15,96 15
5294,64 51993 356 0,54 17,5 15
10319,42 80396 1 0,93 16,02 15
32244,01 246518 63 0,41 18,4 15
831,1 13008 37 0,96 15,16 15
47853,99 1113910 92 0,67 17,62 15
30954,61 413793 75 0,66 17,66 15
10068,64 147952 4 0,69 17,24 15
6192,33 63661 63 0,78 16,2 15
11294,05 120712 7 0,85 16,28 15
217232,22 2878275 492 0,79 17,12 15
5196,82 41022 139 0,51 16,74 15
2166,82 15079 145 0,68 16,3 15
116933,27 1477350 274 0,87 17,66 16
19530,04 215804 76 0,83 17,48 16
1152,75 9868 3 0,95 16,56 16
13235,37 243897 295 0,74 17,68 16
49519,66 778555 34 0,78 17,78 16
505234,37 7530317 315 0,78 17,84 16
97229,57 1229283 624 0,42 18,92 16
35384,85 302068 7 0,86 17,6 16
9425,02 113289 40 0,82 17,8 16
153612,14 1803277 265 0,79 17,98 16
23534,02 258057 327 0,65 18,82 16
251107,9 2248745 40 0,57 20,92 18
689581,01 18384661 143 0,5 22,14 18
136764,8 1678674 135 0,46 21,74 18
1192467,79 11760172 700 0,86 19,32 18
403824,81 6132721 161 0,29 23,14 18
114161,49 1263488 41 0,68 20,44 18
86,11 404 0 0,77 10,5 10
26,07 109 0 1 10 10
96,23 1028 0 0,82 10,38 10
4,01 39 0 1 10 10
150,5 839 0 0,96 10,26 10
188,04 1273 1 0,94 10,24 10
29,51 195 0 0,99 10,06 10
113,93 376 17 0,99 10,08 10
92,61 481 1 0,98 10,12 10
208,82 1066 14 0,75 10,56 10
101,92 332 15 0,94 10,44 10
109,5 581 1 0,99 10,06 10
153,84 750 2 0,89 10,32 10
260 260 260 1 10 10
194,13 1002 0 0,7 10,86 10
175,52 1072 18 0,75 11,58 11
145,34 578 18 0,97 11,06 11
98,43 1166 0 0,78 11,44 11
155,84 470 15 0,96 11,16 11
79,4 662 0 0,94 11,12 11
131,3 274 31 0,96 11,12 11
106,45 345 17 0,99 11,08 11
179,9 891 17 0,99 11,1 11
464,8 3417 1 0,93 11,4 11
250,59 624 50 0,71 11,68 11
446,89 2312 0 0,93 11,58 11
751,65 4099 1 0,74 12,82 11
412,46 2593 1 0,91 11,5 11
520,6 5719 29 0,58 12,22 11
14,05 79 0 1 11 11
612,06 3456 1 0,87 12,86 12
60,14 208 14 0,76 10,58 10
183,82 1786 0 0,99 12,08 12
345,39 2546 19 0,86 12,9 12
169,77 1330 16 0,83 12,56 12
240,42 1896 1 0,93 12,48 12
1545,92 11685 68 0,77 13,5 12
146,4 878 0 1 12 12
460,88 3588 56 0,92 12,34 12
2003,15 18858 3 0,73 13,42 12
108,1 687 0 0,97 12,26 12
40,12 250 0 0,99 12,06 12
69,45 694 0 0,98 12,12 12
23,98 113 0 0,98 8,08 8
1061,53 8404 25 0,84 12,98 12
