12 12 10 10 10 10 10 10 10 10 12 10 10 10 10 10 12 10 10 12 10 10 10 10 10 12 12 10 12 14 10 12 14 10 10 10 10 10 10 10 12 10 10 10 10 10 10 10 10 10 10 12 10 12 12 10 10 10 10 10 10 10 10 12 10 10 12 10 10 10 10 10 10 10 10 12 10 10 10 10 10 12 12 12 10 10 10 10 10 10 10 10 10 10 12 10 10 10 12 10
110 175 85 146 68 109 75 129 6 37 171 1 237 96 30 61 50 17 0 269 97 1 16 261 31 26 27 103 71 168 27 70 218 40 18 1 25 104 3 2 243 37 63 104 40 2 28 283 2 41 55 185 1 50 163 59 68 170 0 4 102 87 67 283 38 233 34 37 103 1 238 2 91 35 2 237 68 134 133 20 404 75 143 73 40 71 94 1 49 98 35 179 36 68 161 38 51 0 252 19

10 10 10 10 10 10 10 10 10 10 10 10 10 10 10 10 10 10 10 10 10 10 10 10 10 10 10 10 10 10 10 10 10 10 10 10 10 10 10 10 10 10 10 10 10 10 10 10 10 10 10 10 10 10 10 10 10 10 10 10 10 10 10 10 10 10 10 10 10 10 10 10 10 10 10 10 10 10 10 10 10 10 10 10 10 10 10 10 10 10 10 10 10 10 10 10 10 10 10 10
39 0 2 2 109 3 64 0 1 33 1 27 26 17 28 2 1 1 41 0 56 2 61 0 1 1 27 3 18 1 59 103 29 36 37 19 6 82 54 37 2 71 74 37 36 37 2 35 104 36 2 44 20 41 5 46 0 1 40 62 0 46 19 2 66 3 20 1 27 4 40 2 23 58 4 29 2 21 36 4 77 36 4 3 20 38 1 2 30 1 2 63 1 0 75 38 59 3 2 21

10 10 10 10 12 12 10 10 10 10 10 12 10 10 10 10 10 12 10 10 10 10 10 10 10 12 10 10 10 10 10 10 10 12 12 10 10 10 10 12 12 10 10 10 10 10 10 10 12 10 10 10 10 10 10 10 10 10 10 10 10 10 12 10 10 12 10 10 10 10 12 10 12 10 10 10 10 10 10 10 10 10 12 10 10 10 10 10 10 10 12 10 12 10 10 10 10 10 10 14
3 82 118 3 31 67 139 168 98 140 81 204 112 149 46 101 72 21 8 293 38 1 53 75 3 140 37 34 1 2 26 36 98 284 90 50 1 269 36 114 33 77 1028 182 134 89 1 202 102 111 1 154 59 38 255 2 306 241 35 1 33 60 65 135 33 79 210 75 39 336 53 2 101 34 152 105 1 3 95 234 2 0 99 243 1 48 3 51 36 211 31 53 122 110 72 26 152 31 2 110

10 10 10 10 10 10 10 10 10 10 10 10 10 10 10 10 10 10 10 10 10 10 10 10 10 10 10 10 10 10 10 10 10 10 10 10 10 10 10 10 10 10 10 10 10 10 10 10 10 10 10 10 10 10 10 10 10 10 10 10 10 10 10 10 10 10 10 10 10 10 10 10 10 10 10 10 10 10 10 10 10 10 10 10 10 10 10 10 10 10 10 10 10 10 10 10 10 10 10 10
21 1 4 1 0 4 1 30 1 1 1 2 1 1 0 2 1 1 20 1 1 28 1 2 0 1 2 1 0 3 1 4 0 1 3 2 1 2 1 1 2 3 8 39 0 0 4 0 1 2 1 0 4 28 1 4 1 3 3 2 26 1 0 1 1 1 1 1 20 2 1 3 0 0 2 0 35 0 1 1 3 19 1 3 2 1 0 1 0 0 3 2 0 1 3 2 3 2 1 2

10 10 10 10 10 10 10 10 10 10 10 10 10 10 10 10 10 10 10 10 10 10 10 10 10 10 10 10 10 10 10 10 10 10 10 10 10 10 10 10 10 10 10 10 10 10 10 10 16 10 10 10 10 16 10 10 10 10 10 10 10 16 10 10 10 10 10 10 10 10 10 10 10 10 10 10 10 10 10 10 10 10 10 10 10 10 18 10 10 10 10 10 10 10 10 10 10 10 10 10
65 92 287 2 90 79 155 132 168 112 33 71 2 19 287 261 89 160 291 218 191 130 464 4 326 265 271 123 118 113 104 593 65 250 199 219 46 6 107 107 70 273 83 71 69 529 164 35 235 65 68 37 499 839 421 129 4 3 135 73 94 307 18 382 110 70 96 0 26 108 98 259 1 28 52 199 281 73 18 113 186 187 79 183 61 38 416 246 205 234 202 36 40 64 1 105 26 61 31 200

10 10 10 14 10 10 10 10 10 10 10 10 14 10 10 10 10 10 14 10 10 10 10 10 10 10 10 10 10 10 10 10 10 10 10 10 10 14 10 10 10 10 10 10 10 10 10 10 10 10 10 10 10 10 10 10 10 10 10 10 10 10 10 14 10 10 10 10 10 10 10 14 10 10 10 10 10 10 10 10 10 10 10 10 10 10 10 10 10 10 10 10 10 10 10 10 10 10 10 10
230 18 67 124 727 148 264 62 318 678 340 37 127 198 88 118 727 93 150 169 77 376 119 41 419 58 73 133 146 73 72 214 166 336 17 258 311 449 73 41 65 450 301 102 95 53 37 276 204 181 36 141 59 68 58 522 72 36 85 161 104 156 36 641 1 384 468 254 72 487 149 267 4 33 177 39 384 129 132 74 72 104 4 108 35 141 43 283 78 1273 560 3 18 399 1 51 218 141 69 75

10 10 10 10 10 10 10 10 10 10 10 10 10 10 10 10 10 10 10 10 10 10 10 10 10 10 10 10 10 16 10 10 10 10 10 10 10 10 10 10 10 10 10 10 10 10 10 10 10 10 10 10 10 10 10 10 10 10 10 10 10 10 10 10 10 10 10 10 10 10 10 10 10 10 10 10 10 10 10 10 10 10 10 10 10 10 10 10 10 10 10 10 10 10 10 10 10 10 10 10
2 4 29 41 20 42 19 4 25 1 5 4 2 3 77 30 38 75 43 67 28 31 1 0 51 2 25 28 104 83 2 1 33 185 3 65 34 8 31 17 0 3 30 53 30 4 129 2 9 43 76 40 75 18 2 38 1 26 87 2 27 5 0 39 3 19 1 31 17 4 36 26 3 3 15 195 32 31 2 1 21 86 1 68 1 1 17 27 0 19 4 1 1 108 2 31 2 102 1 37

10 10 10 10 10 10 10 10 10 10 10 10 10 10 10 10 10 10 10 10 10 10 10 10 10 10 10 10 10 10 10 10 18 10 10 10 10 10 10 10 10 10 10 10 10 10 10 10 10 10 10 10 10 10 10 10 10 10 10 10 10 10 10 10 10 10 10 10 10 10 10 10 10 10 10 10 10 10 10 10 10 10 10 10 10 10 10 10 10 10 10 10 10 10 10 10 10 10 10 10
89 68 273 32 29 93 68 129 59 31 376 64 58 200 212 347 143 64 166 238 107 101 55 55 65 92 99 179 52 212 220 77 360 18 110 147 99 140 35 303 66 67 88 86 72 131 19 196 62 67 33 51 175 224 48 68 287 52 163 63 17 62 123 26 98 136 89 62 72 92 139 73 251 89 63 30 100 17 78 62 204 106 136 65 120 166 43 199 94 72 119 62 67 129 108 361 61 29 94 196

10 10 10 10 10 10 10 10 10 10 10 10 10 10 16 10 10 10 10 10 10 10 16 10 10 10 10 10 10 10 10 10 10 10 10 10 10 10 10 10 10 10 10 10 10 10 10 10 10 10 10 10 10 10 10 10 10 10 10 10 10 10 10 10 10 10 10 10 10 10 10 10 10 10 10 10 10 10 10 10 10 10 10 10 10 10 10 10 10 10 10 10 10 10 10 10 10 10 10 10
66 17 36 266 161 99 4 138 37 321 345 73 61 134 213 67 2 66 148 176 36 2 213 2 91 35 112 17 98 90 29 2 137 121 70 272 106 1 88 35 103 67 18 67 88 37 196 25 78 24 194 48 101 141 70 2 56 337 33 3 17 17 481 141 7 31 49 198 304 28 37 2 36 3 66 70 91 105 72 21 4 209 28 89 322 195 171 36 133 70 44 100 66 103 18 70 38 27 68 19

10 10 10 10 12 12 10 10 12 10 10 12 12 16 12 10 12 10 10 10 10 10 12 10 10 10 12 10 10 14 12 10 10 10 10 12 10 10 10 10 12 12 10 10 10 12 10 10 10 10 10 10 10 12 12 10 10 10 10 10 12 10 10 12 12 10 10 10 10 10 10 12 10 10 10 10 10 12 10 10 12 10 12 10 10 10 10 10 10 10 10 10 10 10 10 10 10 10 10 10
124 106 161 636 207 189 58 85 165 86 117 214 253 378 390 115 201 160 213 156 217 123 181 153 527 198 183 1066 123 358 186 249 169 77 114 403 273 303 247 117 204 990 345 236 155 201 109 127 119 119 29 219 166 305 203 88 150 183 197 147 269 144 14 159 148 303 163 51 167 185 120 180 104 31 186 240 179 240 142 142 207 253 141 366 188 151 154 189 53 78 387 66 135 189 387 292 204 463 151 88

10 10 10 14 10 10 10 10 10 10 10 10 10 10 10 10 14 10 10 10 10 10 10 10 10 10 10 10 10 10 14 10 10 10 10 10 10 10 10 10 10 10 10 10 10 10 10 10 10 10 10 10 10 10 10 10 10 10 10 10 10 10 10 10 10 10 10 10 16 10 10 10 10 10 10 10 10 10 10 10 10 10 10 10 10 10 10 10 10 10 10 10 24 10 10 22 10 10 10 10
237 97 62 154 60 65 48 31 125 57 29 35 86 62 116 58 194 144 128 125 85 311 30 26 88 54 50 56 99 68 304 72 15 119 128 143 58 65 91 141 113 62 58 183 99 104 86 68 31 82 17 80 66 88 33 80 128 125 332 76 58 25 92 80 114 64 24 161 289 109 79 80 218 67 82 97 97 66 130 40 117 105 187 103 209 128 101 132 60 102 96 122 239 82 17 285 114 67 57 70

10 10 10 10 10 10 10 10 10 10 10 10 10 10 10 10 10 10 10 10 10 10 10 10 10 10 10 10 10 10 10 10 10 10 10 10 10 10 10 10 10 10 10 10 10 10 10 10 10 10 10 10 10 10 10 10 10 10 10 10 10 10 10 10 10 10 10 10 10 10 10 10 10 10 10 10 10 10 10 10 10 10 16 10 10 10 10 10 10 10 10 10 10 10 10 10 10 10 10 10
61 192 107 61 5 141 174 37 102 1 55 26 374 41 69 29 2 188 41 2 21 99 57 139 146 27 349 173 43 1 16 18 33 61 151 27 174 2 99 346 64 2 74 40 1 174 395 39 2 68 32 140 387 29 99 68 149 139 42 76 57 227 65 41 163 60 303 154 22 186 43 66 28 205 581 534 344 89 2 5 143 3 319 373 118 193 86 99 17 39 26 153 65 103 107 54 60 31 37 39

10 10 10 10 10 12 10 10 10 10 10 10 10 10 10 10 10 10 10 12 10 10 10 10 10 10 12 10 10 10 10 10 12 10 10 10 10 10 10 10 10 10 10 10 10 10 12 10 10 10 10 10 10 10 12 10 10 10 10 10 10 10 10 10 10 12 10 10 10 12 12 10 10 10 10 10 10 10 10 10 10 10 10 10 18 10 10 10 10 10 10 10 10 10 10 16 10 10 10 10
187 355 2 33 54 30 105 131 255 2 91 98 95 125 151 166 3 266 58 368 53 750 48 220 245 553 116 18 607 179 201 604 162 23 246 269 37 41 199 56 104 123 70 140 426 33 67 23 109 129 55 97 138 102 61 72 88 34 33 148 401 132 38 214 157 68 67 66 26 69 279 57 207 26 50 83 33 69 33 34 45 28 67 200 135 127 379 28 151 141 345 352 354 106 468 213 620 70 92 100

10 10 10 10 12 10 10 10 10 10 14 12 10 12 10 10 18 10 10 14 10 10 10 14 10 12 12 10 10 12 10 10 12 12 10 10 10 10 10 10 10 14 10 10 10 10 12 10 10 14 12 10 10 14 14 10 10 10 12 10 12 10 10 12 10 10 12 10 10 10 10 10 12 10 10 10 10 10 10 10 10 12 16 10 10 14 10 10 12 10 12 10 10 12 10 10 10 12 10 10
24 523 199 311 97 104 126 176 323 0 156 95 136 167 68 2 818 101 367 96 40 397 273 439 164 671 16 103 2 298 237 543 150 105 182 323 1 73 0 118 726 313 122 1 106 101 223 98 73 136 238 225 97 159 205 2 2 259 82 126 274 70 102 249 89 50 95 2 246 102 28 78 287 103 32 230 17 158 65 38 205 579 394 73 415 143 211 81 124 758 269 38 334 214 1002 65 408 77 316 74

