1 2 0 8
5 7 4 3
9 6 11 12
13 10 14 15

2 6 3 4
1 0 7 8
5 10 15 11
9 13 14 12

1 2 3 4
5 6 11 7
0 13 10 8
14 9 15 12

5 1 2 3
9 6 7 4
13 10 11 8
14 0 15 12

2 6 3 4
1 9 7 8
0 5 10 11
13 14 15 12

1 2 3 4
5 7 8 0
14 6 10 11
9 13 15 12

1 2 4 8
5 6 3 12
9 10 7 15
13 0 14 11

1 3 4 8
5 2 7 11
9 6 10 12
13 14 15 0

0 2 3 4
1 9 7 8
6 5 10 11
13 14 15 12

1 2 3 4
5 6 7 8
14 10 11 12
9 0 13 15

1 2 3 4
5 6 8 0
13 9 7 12
10 14 11 15

1 2 3 4
6 0 11 7
5 14 10 8
9 13 15 12

1 2 3 4
5 6 8 11
9 14 0 7
13 15 10 12

1 2 0 3
5 10 8 4
9 7 6 11
13 14 15 12
