263 13
146 13
29 11
168 11
28 11
257 13
366 11
74 11
126 11
159 11
278 13
426 11
161 13
73 11
116 11
246 13
181 11
69 11
110 13
82 11
485 11
18 11
147 11
207 11
104 11
439 11
94 11
230 11
105 11
145 11
80 11
202 13
314 17
279 11
50 11
166 11
72 13
131 13
38 11
133 17
133 11
120 11
413 11
140 11
68 11
24 13
160 11
18 11
97 11
228 13
180 11
100 13
123 13
204 13
67 13
123 13
93 11
279 11
107 11
96 11
78 11
131 11
49 11
268 13
34 11
109 11
92 11
98 11
99 11
311 11
106 11
208 11
225 11
70 11
225 13
207 11
222 11
130 11
126 11
99 11
92 11
99 11
128 11
235 11
250 13
227 11
178 11
52 11
230 11
164 13
1072 13
256 11
53 11
492 11
496 13
410 11
69 11
303 11
69 11
220 11
130 11
161 11
162 11
123 11
93 13
578 11
135 11
87 11
269 11
141 11
322 11
53 11
288 13
44 11
85 11
140 11
69 11
136 11
118 11
87 11
239 11
136 11
84 11
143 11
134 11
154 11
126 11
173 11
123 11
130 11
91 11
267 11
136 11
86 11
356 11
305 11
283 13
38 11
185 11
110 11
181 11
114 11
49 11
110 11
117 11
219 11
191 11
112 11
159 11
34 11
356 11
136 11
135 11
103 11
197 11
135 11
144 11
112 11
127 11
132 11
140 11
166 11
49 11
201 11
197 11
93 11
345 11
117 11
50 11
162 11
130 11
113 11
108 11
170 11
118 11
145 11
120 11
142 11
43 11
73 11
125 11
105 11
109 11
86 11
161 11
92 11
186 11
136 11
132 11
48 11
124 11
157 11
258 11
136 11
18 11
172 11
62 11
121 11
174 11
67 11
3 11
28 11
77 11
4 11
83 13
113 11
162 11
51 11
31 11
162 11
41 11
40 11
190 11
71 11
17 11
55 13
1 11
98 13
184 11
149 11
97 11
74 11
101 11
75 11
145 13
173 11
73 11
301 11
69 11
189 11
3 11
4 11
35 11
170 11
40 11
71 11
37 11
54 13
1166 13
62 13
25 13
96 11
37 11
94 13
57 13
40 11
46 11
1 11
161 11
3 11
117 11
117 11
78 13
0 11
112 11
131 13
21 11
39 13
112 11
55 13
248 11
31 11
55 13
78 11
36 11
105 11
70 11
39 11
107 11
74 11
105 11
38 11
76 11
134 11
19 11
112 11
2 11
19 11
304 13
113 13
35 13
32 11
107 11
17 13
36 11
37 11
20 13
79 13
128 11
181 11
145 11
19 11
30 11
343 11
111 11
72 13
138 11
33 11
671 11
3 11
59 11
128 11
116 11
117 11
165 11
178 11
30 11
337 11
182 11
29 11
68 11
132 11
172 11
80 11
143 11
228 11
56 11
18 11
273 11
466 15
49 11
227 11
166 11
132 11
23 11
60 11
199 11
266 11
240 11
165 11
261 11
159 11
178 11
111 11
187 11
183 11
120 11
244 11
171 11
167 11
168 11
123 11
127 11
99 11
198 11
15 11
134 11
311 11
88 11
168 11
131 11
189 11
166 11
379 11
116 11
194 11
99 11
123 11
92 11
56 11
134 11
129 11
19 11
268 11
287 11
175 11
23 11
130 11
239 11
117 11
154 11
193 11
50 11
187 11
109 11
161 11
133 11
173 11
132 11
172 11
49 11
156 11
198 11
68 11
15 11
470 11
99 11
63 15
50 11
17 11
308 11
217 11
293 11
108 11
132 11
165 11
117 11
165 15
344 11
304 15
3 11
29 11
1 11
17 11
110 11
141 11
181 13
111 11
30 11
69 11
71 11
34 11
37 11
102 11
30 11
32 11
2 11
64 11
662 11
105 11
18 11
37 11
89 11
20 11
67 11
180 11
4 11
98 11
22 13
190 11
261 11
0 11
38 11
260 13
71 11
2 11
100 13
52 11
247 11
17 11
71 11
0 11
71 11
113 11
150 11
3 11
129 11
40 11
114 11
69 11
2 11
3 11
71 11
107 11
385 11
71 11
18 11
80 11
186 11
30 13
36 11
36 11
110 11
2 11
1 11
18 11
157 11
38 11
39 11
1 11
3 11
3 11
1 11
1 11
184 11
1 11
36 11
30 11
104 11
81 11
3 11
77 11
19 11
40 11
74 11
113 11
274 11
80 11
37 11
83 11
79 11
116 11
232 13
74 11
28 11
43 11
181 11
122 11
23 11
43 11
141 11
122 11
115 11
106 11
154 11
100 11
170 11
114 11
46 11
171 11
141 11
103 11
148 11
146 11
95 11
209 11
141 11
103 11
134 11
153 11
97 11
138 11
101 11
80 11
160 11
81 11
162 11
125 11
132 11
120 11
31 11
158 11
125 11
92 11
90 11
96 11
161 11
96 11
34 11
171 11
110 11
166 11
119 11
109 11
267 17
137 11
162 11
125 11
166 11
213 11
203 13
126 11
51 11
253 11
189 11
153 11
133 11
158 11
138 11
65 11
203 13
128 11
71 11
58 11
133 11
96 11
126 11
126 11
162 11
159 11
147 11
140 11
127 11
128 11
115 11
130 11
128 11
131 11
169 11
165 11
90 11
157 11
192 11
59 11
118 11
89 11
123 11
47 11
158 11
93 11
92 13
157 11
144 11
112 11
147 11
274 11
229 11
84 11
92 11
126 11
66 11
61 11
83 11
345 11
30 11
34 11
155 11
52 11
70 11
169 11
159 11
133 11
166 11
194 11
161 11
185 11
73 11
88 11
60 11
54 11
74 11
74 11
104 11
28 11
120 11
189 11
324 11
28 11
133 11
69 11
196 11
103 11
307 11
32 11
69 11
17 11
63 11
93 11
114 11
266 19
97 11
93 11
128 11
24 11
185 11
62 11
70 11
135 11
65 11
166 11
62 11
60 11
92 11
132 11
64 11
124 11
96 11
17 11
179 11
114 11
62 11
117 11
60 11
301 11
51 11
30 11
100 11
80 11
305 11
18 11
66 11
65 11
60 11
103 11
66 11
32 11
53 11
97 11
52 11
240 11
67 11
131 11
19 11
99 11
133 11
100 11
62 11
55 11
98 11
69 11
63 11
66 11
114 11
62 11
145 11
84 11
147 11
68 11
95 11
304 11
621 11
160 11
33 11
343 11
236 11
66 11
235 11
204 11
296 11
145 11
250 11
704 11
34 11
63 11
220 11
66 11
97 11
17 11
70 11
67 11
59 11
446 11
122 11
135 11
197 11
199 11
132 11
66 11
67 11
345 11
51 11
129 11
65 11
891 11
69 11
168 11
321 11
30 11
301 11
54 11
85 11
238 11
82 11
153 11
53 11
70 11
133 11
272 11
102 11
723 11
131 11
196 21
65 11
69 11
152 11
97 11
116 11
67 11
126 11
103 11
59 11
52 11
229 11
68 11
94 11
136 11
154 11
157 11
169 11
162 11
194 11
58 11
58 11
60 11
135 11
187 11
336 11
69 11
130 11
238 11
75 11
90 11
324 11
108 11
177 11
75 11
85 11
516 11
31 11
810 11
69 11
493 11
82 11
672 11
163 11
158 11
122 11
19 11
307 11
62 11
131 11
999 11
33 11
1152 11
1441 11
699 11
51 11
25 11
518 11
614 11
191 11
219 11
253 11
1 11
1876 11
100 11
162 11
2019 11
274 11
167 11
902 11
130 11
1052 11
192 11
199 11
868 17
89 11
807 11
1631 11
34 11
16 11
166 11
88 11
161 11
420 11
65 11
143 11
101 11
340 11
3417 11
543 11
338 11
303 11
70 11
1419 11
380 11
352 11
553 11
3 11
99 11
167 11
379 11
392 11
1165 15
213 11
101 11
82 11
257 11
1076 11
434 11
547 11
237 11
377 11
41 11
67 11
269 11
272 11
1346 11
270 11
562 11
272 11
965 11
163 11
561 11
340 11
296 17
1630 19
610 11
117 17
216 11
542 11
33 11
103 11
131 11
258 17
764 11
842 11
101 11
455 11
863 11
320 11
66 11
65 11
407 11
1218 11
387 15
364 11
130 11
131 11
70 11
202 11
231 11
250 11
291 11
581 13
198 11
129 13
246 11
111 11
269 13
136 11
284 11
390 11
191 11
328 11
160 13
249 11
587 13
183 11
166 11
307 13
522 17
344 13
318 15
216 11
176 11
400 13
374 11
199 11
195 15
164 13
107 11
173 11
173 11
172 11
290 11
347 11
398 11
172 11
387 11
432 13
233 11
237 13
369 13
176 11
167 11
133 13
159 11
329 13
171 11
225 11
311 11
317 13
145 11
298 13
109 11
229 11
129 11
131 11
250 11
160 13
102 11
193 11
441 11
141 11
491 11
357 13
277 13
99 11
96 11
256 13
247 13
268 11
624 11
50 13
448 15
170 11
110 11
263 11
153 13
403 13
369 11
297 11
190 11
318 11
289 11
175 11
403 11
303 11
229 11
87 11
108 11
230 13
174 11
230 11
102 11
230 11
373 11
233 11
204 11
2312 15
0 11
1 11
77 11
55 11
941 11
67 11
17 11
552 11
1391 19
404 11
138 11
172 11
430 11
137 11
312 11
142 11
162 11
592 11
212 11
507 11
348 11
35 11
106 11
1383 11
506 11
386 11
1359 11
586 11
939 11
1 11
1 11
479 11
585 11
822 11
848 25
202 11
277 19
100 11
661 11
500 11
104 11
938 11
205 11
1929 11
68 11
16 11
653 11
2 11
52 11
237 11
1412 11
69 11
16 11
847 11
3 11
1091 11
2062 11
1028 23
282 11
108 11
166 11
1 11
1361 11
1 11
702 11
405 11
210 11
1845 11
213 11
617 11
18 11
574 11
113 11
532 11
538 11
37 11
354 19
467 11
90 11
470 11
118 11
68 11
257 11
281 11
33 11
210 11
29 11
206 11
71 11
563 11
207 11
1749 11
827 11
37 11
143 15
390 11
243 11
412 11
264 11
419 11
423 11
450 11
127 11
3584 41
1839 15
93 11
25 11
588 15
424 11
602 11
897 19
94 11
524 11
492 11
385 11
67 11
1341 11
24 11
633 11
187 11
2220 11
383 11
450 11
1148 11
131 11
127 23
70 11
855 11
32 11
312 15
35 11
206 17
2764 11
715 17
1848 15
617 11
258 15
588 21
163 11
1996 11
738 17
3066 11
890 11
17 11
228 11
24 11
490 11
235 17
99 11
275 11
303 11
410 15
266 17
1086 11
809 11
1001 19
628 11
135 11
819 11
1208 11
25 11
69 11
989 11
534 11
1 11
304 11
129 11
1313 23
488 21
132 11
510 11
301 11
2 11
611 11
128 11
438 15
67 11
197 19
362 15
2860 11
936 15
562 11
1740 11
422 11
2179 11
2606 11
623 15
400 11
1604 11
4099 11
1579 11
2 11
781 11
513 15
1051 15
679 11
1943 17
858 11
2265 11
100 11
425 11
2 11
270 11
197 11
1151 11
135 11
397 11
420 11
135 11
105 11
624 11
287 11
851 11
34 11
174 11
134 11
991 11
73 11
220 11
335 11
2 11
2142 11
70 11
574 15
18 11
1259 17
100 11
131 11
101 11
271 15
219 11
17 11
322 11
760 11
53 11
478 11
96 11
80 11
385 11
69 11
2593 11
647 11
128 11
1048 11
927 23
224 11
34 11
510 15
134 11
371 11
167 15
23 11
27 11
28 11
172 11
463 11
115 11
278 11
70 11
324 11
220 11
1743 11
16 11
274 17
517 11
275 11
270 11
67 11
101 11
1378 11
23 11
906 11
652 11
86 11
1792 11
102 11
510 17
384 11
210 11
367 11
771 11
31 11
97 11
130 11
162 11
638 11
31 11
226 11
1160 11
774 11
204 11
637 11
200 11
272 11
575 15
350 11
1491 11
1113 11
1 11
67 11
216 13
146 11
846 11
402 11
896 11
94 11
1185 13
778 13
100 11
1426 15
230 13
1895 11
188 11
233 13
232 15
160 11
683 11
47 11
152 11
537 13
291 17
406 11
624 13
280 13
29 11
892 11
82 11
790 13
407 15
89 11
186 15
5719 11
484 11
176 11
92 11
380 13
1357 11
763 11
98 11
270 11
748 17
479 13
30 11
749 11
1091 11
236 11
334 15
65 11
312 13
64 11
371 13
685 11
814 13
33 11
835 11
365 13
1057 15
286 13
228 11
393 11
340 13
177 13
193 13
1267 11
429 13
1236 19
937 11
1127 11
519 17
523 13
515 11
100 11
337 11
199 11
408 17
162 13
238 11
510 11
1011 11
743 13
50 13
124 11
390 15
105 11
73 11
93 11
783 11
92 11
438 13
599 15
590 13
315 13
129 11
226 11
1010 13
132 11
93 11
2123 11
621 13
12 11
4 11
1 11
1 11
9 11
79 11
5 11
0 11
48 11
49 11
4 11
27 11
1 11
4 11
3 11
3 11
4 11
0 11
22 11
2 11
38 11
0 11
32 11
41 11
5 11
2 11
43 11
35 11
4 11
67 11
1 11
0 11
32 11
31 11
2 11
3 11
27 11
24 11
2 11
0 11
2 11
26 11
0 11
20 11
29 11
0 11
21 11
1 11
1 11
0 11
1 11
1 11
4 11
0 11
1 11
30 11
2 11
1 11
20 11
1 11
31 11
40 11
1 11
3 11
28 11
0 11
0 11
2 11
22 11
0 11
35 11
32 11
39 11
40 11
18 11
2 11
2 11
1 11
0 11
57 11
33 11
1 11
30 11
1 11
41 11
0 11
2 11
34 11
33 11
1 11
2 11
18 11
1 11
0 11
2 11
2 11
2 11
19 11
1 11
1 11
3419 12
3456 12
1236 12
542 12
138 12
142 12
834 12
519 12
98 12
370 12
397 12
575 12
323 12
35 12
1101 12
167 12
577 12
823 12
3284 12
921 12
242 12
120 12
496 12
99 18
1 12
274 12
210 16
243 12
1320 12
1485 12
319 12
320 12
63 12
453 12
1 12
168 12
576 12
434 12
2447 12
201 12
2890 22
1037 20
354 12
338 12
607 12
735 12
885 12
210 12
278 12
390 12
218 12
506 12
737 12
235 16
244 12
577 12
389 12
317 12
137 12
128 12
247 18
93 12
285 12
284 12
347 12
307 12
67 12
210 12
273 12
173 16
362 12
500 12
1991 22
402 12
365 12
324 16
106 12
1754 12
548 12
1145 12
19 12
1457 12
608 12
121 12
617 16
187 12
213 12
313 12
822 16
203 16
512 12
949 12
1003 12
1614 12
537 12
1432 30
377 12
498 12
160 12
140 12
35 12
65 10
58 10
120 12
27 10
17 12
24 14
30 12
25 10
16 10
55 10
97 10
126 10
47 12
129 14
30 12
48 10
46 12
17 10
107 10
59 10
111 10
61 10
63 10
23 10
77 10
47 10
16 10
76 12
53 10
63 10
59 10
91 10
26 10
48 14
46 10
108 12
57 10
92 10
74 10
14 10
23 10
29 10
33 10
134 12
23 10
63 10
89 10
62 10
118 12
28 10
60 10
29 10
58 10
54 12
27 12
136 10
208 14
66 10
88 10
62 12
45 10
95 10
68 10
48 10
17 10
17 10
52 10
99 10
113 10
66 10
28 12
26 10
17 10
44 12
16 10
30 10
66 10
153 14
86 10
63 12
17 10
61 10
56 10
61 10
77 10
40 10
67 10
32 10
80 10
61 12
30 12
75 10
85 10
33 10
24 10
72 10
103 10
27 10
91 10
281 12
36 12
131 12
87 12
807 12
37 12
18 12
193 12
2 12
291 12
169 12
70 12
72 12
75 12
67 12
69 12
29 12
161 12
0 12
182 12
36 12
323 12
40 12
148 12
1 12
151 12
1084 12
39 12
123 12
40 12
36 12
399 12
384 12
37 12
306 12
246 12
2 12
108 12
75 12
390 12
195 12
19 12
156 12
43 12
3 12
114 12
75 12
272 12
151 12
18 12
149 12
3 12
114 12
281 12
108 12
147 12
1786 12
121 12
649 12
35 12
134 12
42 12
81 12
77 12
367 12
4 12
163 12
31 12
74 12
128 12
1 12
132 12
442 12
74 12
143 12
38 12
29 12
430 12
189 20
91 12
90 12
1 12
292 12
35 12
165 12
291 12
422 12
1 12
114 12
3 12
62 12
861 12
107 12
109 12
143 12
194 12
420 12
447 12
293 12
478 12
430 12
126 12
36 12
137 12
223 12
70 12
105 12
72 12
183 12
428 12
167 12
587 12
99 12
140 12
173 12
540 12
659 22
983 12
352 12
134 12
277 12
137 12
324 12
537 12
621 18
124 12
168 12
70 12
225 12
771 12
134 12
1385 28
65 12
790 20
85 12
107 12
312 12
338 20
167 12
559 12
30 12
19 12
657 12
352 12
102 12
139 12
865 12
169 12
217 12
1229 12
107 12
95 12
2546 12
333 16
69 12
327 16
213 12
51 12
120 12
429 18
39 12
206 16
277 12
126 12
93 12
424 16
86 12
312 12
141 12
245 12
393 18
949 12
1084 12
249 16
266 12
67 12
69 12
121 12
313 12
148 12
163 12
365 12
665 12
267 12
145 12
412 12
370 16
311 12
432 12
280 12
192 12
675 12
281 18
352 12
341 12
298 12
1280 12
572 12
546 12
75 12
205 12
513 12
281 12
193 14
298 14
148 12
79 12
117 20
127 12
126 12
97 12
124 12
193 14
174 12
363 12
163 12
407 18
300 12
105 12
71 12
137 12
70 12
133 14
69 12
132 12
58 12
97 12
157 12
66 12
73 12
340 14
264 12
251 18
142 12
129 12
96 12
95 12
24 12
108 12
108 12
157 12
189 12
254 14
97 12
173 12
193 12
62 12
821 12
97 12
334 12
83 12
534 12
126 12
55 12
131 12
62 12
17 12
133 14
97 12
94 14
407 18
128 12
30 12
124 12
185 14
331 12
191 12
64 12
191 14
53 12
131 14
149 18
120 12
140 12
62 12
107 12
160 12
65 12
64 12
94 12
149 12
84 12
50 12
87 12
88 12
161 12
341 12
67 12
101 12
196 12
16 12
102 12
140 12
108 12
214 12
1330 12
144 12
61 14
63 12
337 12
69 12
275 12
68 12
107 12
273 12
113 12
37 12
2 12
275 12
102 12
71 12
953 12
25 12
78 12
168 12
2 12
18 12
582 12
435 12
377 12
64 12
350 12
336 12
349 12
270 12
25 12
19 12
18 12
920 12
356 12
3 12
21 12
572 16
133 12
168 18
52 22
67 12
1896 12
115 12
107 12
544 12
103 12
82 12
1 12
318 12
665 12
51 12
210 12
341 22
4 12
302 12
168 12
67 12
66 12
141 12
162 12
177 12
641 12
67 12
1355 12
131 12
206 12
275 12
616 18
227 12
32 12
369 18
131 12
238 12
1 12
235 12
29 12
68 12
237 12
471 12
105 12
156 12
593 12
132 12
142 12
77 12
106 12
180 12
816 12
348 12
242 12
426 12
16 12
281 12
57 12
35 12
64 12
35 12
310 18
37 12
189 12
138 12
67 12
133 12
755 12
821 14
7646 18
68 12
4392 16
799 12
2176 18
328 12
1518 12
226 12
444 20
679 12
1192 12
690 12
294 12
449 12
418 20
165 12
689 12
497 12
393 12
422 12
2038 12
5480 18
241 12
233 12
2074 20
2021 12
421 12
255 12
1130 12
382 14
4598 22
1322 22
8250 12
1916 12
87 12
156 12
3874 12
796 12
6563 12
837 12
981 14
5935 12
1529 14
819 12
11685 12
527 12
2930 12
852 12
791 14
586 12
968 12
400 12
325 12
417 16
2738 24
527 12
937 12
1103 12
3445 12
2490 12
2697 12
2390 12
793 12
69 12
7105 12
395 12
129 18
129 12
2350 12
133 12
319 12
825 12
3745 12
1870 32
350 18
253 12
322 12
1050 12
3072 12
1004 16
159 12
161 12
1230 12
823 12
125 12
2623 18
331 12
1537 12
269 12
78 12
2717 12
93 12
2429 22
760 12
279 18
774 12
2023 12
400 12
1816 12
240 12
17 12
77 12
26 12
73 12
261 12
269 12
189 12
1 12
90 12
36 12
185 12
62 12
22 12
328 12
316 12
771 12
333 12
294 12
75 12
304 12
2 12
45 12
72 12
694 12
97 12
38 12
501 12
140 12
256 12
323 12
74 12
0 12
79 12
2 12
105 12
106 12
63 12
77 12
36 12
1 12
259 12
105 12
107 12
224 12
127 12
74 12
2 12
77 12
96 12
0 12
21 12
112 12
71 12
126 12
3 12
2 12
41 12
20 12
328 12
76 12
295 12
317 12
138 12
419 12
2 12
449 12
878 12
41 12
149 12
64 12
261 12
151 12
148 12
78 12
41 12
73 12
41 12
106 12
190 12
37 12
21 12
36 12
39 12
99 12
78 12
3 12
340 12
3 12
158 12
325 12
153 12
197 12
21 12
109 12
2 12
32 12
366 12
64 12
165 12
410 12
1310 12
924 12
177 12
468 12
528 16
278 12
235 12
634 12
457 12
575 12
281 12
470 12
854 12
849 12
187 12
233 12
321 12
627 18
1355 12
277 12
143 12
931 12
1149 12
512 12
230 12
159 12
612 12
254 12
1002 12
127 12
59 12
879 12
139 12
1196 12
160 12
504 12
204 16
360 12
252 12
283 12
157 12
321 12
1718 12
383 12
142 12
401 12
126 12
148 12
140 12
281 12
316 16
115 12
241 12
495 12
442 12
283 16
122 12
56 12
174 12
56 12
126 12
219 12
62 12
215 12
191 12
533 12
478 12
288 12
221 12
330 16
352 12
219 12
436 12
618 12
336 12
3588 12
124 12
176 12
1266 12
841 12
258 12
772 12
1131 12
203 12
130 12
269 16
231 12
599 12
1941 12
393 12
318 12
138 12
241 12
89 12
415 12
555 12
259 16
499 12
306 12
250 14
2336 12
2479 12
225 12
1088 14
4747 12
1537 12
1124 12
849 12
685 26
2439 12
1361 12
202 12
1762 14
4089 12
29 12
1029 14
11506 12
56 12
4284 24
2465 12
61 14
763 18
26 12
598 12
2116 12
413 12
2498 12
149 12
311 12
13077 18
54 12
311 12
5837 16
870 12
6032 12
627 12
111 12
2321 12
1843 12
6329 12
1789 26
4340 12
62 12
3 12
158 14
139 12
1414 12
60 14
384 12
3609 12
1629 12
3142 12
224 12
10165 18
585 18
73 12
961 12
391 12
470 12
929 12
203 14
204 12
957 16
1920 16
2547 12
1366 12
96 12
708 12
861 12
420 12
2336 26
2234 14
1303 12
505 18
146 12
18858 12
3297 28
4039 14
918 12
1676 12
9902 12
1236 12
2089 12
899 12
53 12
4192 14
1246 14
3750 12
1505 12
1351 14
797 16
35 12
591 12
1203 12
323 12
432 12
3027 12
756 12
2918 12
1 12
78 12
95 12
88 12
71 12
2 12
306 12
314 12
59 12
166 22
41 12
27 12
40 12
397 12
144 12
131 20
1 12
182 12
42 12
429 12
33 12
76 12
1 12
75 12
37 12
322 12
101 12
159 12
71 12
41 12
113 12
19 12
224 12
20 12
325 12
244 12
76 12
77 12
2 12
63 12
38 12
42 12
298 12
3 12
89 12
37 12
72 12
33 12
90 12
215 12
171 12
73 12
80 12
79 12
32 12
69 12
74 12
53 12
18 12
111 12
30 12
311 12
19 12
42 12
255 12
18 12
91 12
687 20
101 12
54 12
130 12
1 12
148 12
2 12
32 12
70 12
104 12
18 12
21 12
81 12
298 12
26 12
2 12
127 12
35 12
19 12
68 12
35 12
181 12
39 12
166 12
32 12
281 12
39 12
19 12
575 12
168 12
0 12
35 12
80 12
39 12
40 12
3 12
19 12
2 12
39 12
3 12
117 12
59 12
1 12
149 12
26 12
1 12
130 12
42 12
38 12
92 12
134 12
28 12
23 12
80 12
43 12
0 12
37 12
68 12
74 12
107 18
2 12
71 12
35 12
72 12
40 12
78 12
36 12
39 12
39 12
2 12
3 12
19 12
1 12
45 12
0 12
73 12
54 12
72 12
250 12
39 12
0 12
1 12
30 12
1 12
21 12
35 12
41 12
3 12
1 12
3 12
19 12
29 12
3 12
40 12
78 12
2 12
1 12
27 12
109 12
26 12
2 12
38 12
30 12
1 12
3 12
1 12
112 12
32 12
72 12
2 12
1 12
2 12
3 12
53 12
142 12
84 12
21 12
1 12
42 12
81 12
27 12
1 12
18 12
3 12
78 12
27 12
1 12
4 12
108 12
82 12
34 12
2 12
70 12
194 12
40 12
43 12
265 18
106 12
5 12
78 12
2 12
2 12
29 12
113 12
54 12
0 12
3 12
37 12
151 12
109 12
1 12
72 12
89 12
35 12
36 12
217 12
18 12
26 12
40 12
140 12
36 12
1 12
1 12
101 12
74 12
101 12
147 12
32 12
20 12
3 12
3 12
71 12
27 12
108 12
107 12
322 18
34 12
65 12
34 12
36 12
26 12
1 12
33 12
26 12
57 12
87 12
86 12
3 12
31 12
84 12
146 12
87 12
133 12
0 12
3 12
35 12
26 12
37 12
68 12
37 12
55 12
53 12
130 12
2 12
67 12
61 12
69 12
2 12
79 12
86 12
141 12
52 12
18 12
2 12
88 12
30 12
19 12
35 12
195 12
0 12
38 12
35 12
38 12
694 12
51 12
36 12
85 12
35 12
195 12
37 12
2 12
106 12
175 12
2 8
2 8
92 12
1 8
33 8
35 8
2 8
23 8
0 8
27 8
62 8
0 8
47 8
32 8
113 8
70 8
50 8
1 8
44 8
43 8
72 8
26 8
19 8
40 8
35 8
30 12
24 8
17 8
1 8
113 8
49 8
48 8
17 8
16 8
1 8
2 8
22 8
0 8
2 8
1 8
24 8
36 8
27 8
0 8
40 8
56 8
21 8
34 8
23 8
22 8
2 8
2 8
47 8
1 8
2 8
34 8
23 8
23 8
62 8
45 8
2 8
1 8
0 8
1 8
27 8
17 8
1 8
1 8
28 8
1 8
24 8
45 8
15 8
25 8
51 8
1 8
33 8
1 8
2 8
28 8
1 8
1 8
2 8
39 8
33 8
1 8
20 8
2 8
2 8
29 8
1 8
32 8
2 8
32 8
17 8
2 8
29 8
69 8
18 8
24 8
310 16
189 12
486 12
115 12
4196 12
400 12
33 12
276 12
886 12
2770 24
4166 12
1353 12
232 12
459 14
8404 12
703 12
274 12
1147 12
1342 22
500 12
277 12
1529 12
1627 14
790 16
106 12
1032 12
465 12
214 12
1090 12
34 12
463 12
428 18
1527 12
114 12
608 12
3806 12
7035 12
3107 12
31 12
2626 12
197 12
484 22
131 12
3119 12
1043 22
547 12
216 12
237 12
162 12
284 12
84 12
70 12
66 12
25 12
1916 12
766 12
611 12
443 12
693 12
115 12
4191 12
274 12
414 14
533 12
181 12
1202 12
2186 12
943 14
801 12
488 12
239 12
572 12
2133 12
1473 12
2463 22
354 12
1016 12
1400 12
503 24
206 14
438 12
276 12
106 12
717 12
3197 12
389 12
984 12
2268 12
48 12
198 14
835 12
2907 12
1075 12
99 12
68 12
440 12
551 12
636 20
2714 12
276 12
