1 2 3 4
0 6 8 12
5 11 15 14
9 13 10 7


2 6 3 4
5 1 10 8
7  14 11
9 13 15 12


1 6 7 3
5 10 2 8
9 11 4
13 14 15 12


1 3 6 4
5 10 7 8
2 9 12
13 14 11 15


1 6 2
9 5 7 3
13 10 12 4
14 11 15 8


1 2 7 3
0 6 15 4
5 10 8 11
9 13 14 12


1  6 3
2 7 11 4
5 10 15 8
9 13 14 12


6 1 7 3
0 2 11 4
5 10 8 12
9 13 14 15


2 3 7 4
1 6 10 8
5 13 14
9 15 12 11


1 6 2 4
13 5 3 8
9 11 7 12
0 14 10 15


1 10 2 4
0 5 3 8
13 9 6 7
14 11 15 12


1 7 2 8
9 5 4 3
6 10 15 11
13 14  12


6 3 4 8
2 1 7 12
5  10 11
9 13 14 15


2 3 7 4
1 6 11 8
5 9 12 15
0 13 10 14


2  3 4
1 6 7 8
5 13 9 10
14 15 12 11


1  3 4
5 6 7 8
2 14 10 12
9 13 11 15


1 3 4 8
5 2 7 12
10  14 11
9 6 13 15


2 3 6 4
1 5 7 8
9 15 11
13 10 14 12


2 3 4
1 6 12 8
5 10 7 11
9 13 14 15


1 2 3 4
0 5 15 7
9 6 10 12
13 14 11 8


5 1 2 3
6 15 8 4
9  7 11
13 10 14 12


1 2 3 4
0 6 8 12
5 11 14 7
10 9 13 15


2 8 3
1 5 7 4
9 6 10 12
13 14 11 15


1 6 2 11
5 10 4 3
9  8 7
13 14 15 12


1 2 3 4
9 5  7
13 11 6 8
10 14 12 15


5 1 3 4
9 2 11 7
13 6 15 8
10 14  12


1 2 3 4
5 6 7 8
13 9 11
10 12 14 15


5 1  3
9 6 2 4
10 14 8 12
13 11 7 15


5 1 2 3
9 6 4
13 7 8 11
14 10 15 12


5 1  3
9 6 2 4
13 10 7 11
14 15 12 8


1 2  3
5 6 11 4
9 14 10 7
13 8 15 12


2 7  6
1 3 8 4
5 9 10 12
13 14 11 15


1 2 6 4
3 10 5 8
0 9 7 11
13 14 15 12


1 3  4
5 2 7 8
13 6 12 15
14 10 9 11


2 3 7 4
1 6 11 8
0 5 12 15
13 9 10 14


5 1 2 4
10 6 3 8
0 12 7 15
9 13 14 11
5 1 2 4
10 6 3 8
0 12 7 15
9 13 14 11


5 1 2 4
10 6 3 8
0 12 7 15
9 13 14 11


5 1 3 2
6 10 8 4
9 11  7
13 14 15 12


1 2 7 4
3 6 11 8
5 10  12
9 13 14 15


1 2 3 4
5 10 6 8
11 14 12 15
9 13 7 


1 2 3 4
5 6 15 7
11 12 8 14
9 13 10 


1 2 4 7
5  10 8
13 3 6 11
14 9 15 12


1 2 4 7
5 6 12 3
9 8 15 11
13 10 14 


0 1 3 4
9 13 7 8
5 2 11 12
10 6 14 15


1 2 8 3
5  6 12
10 13 4 7
9 14 11 15


5 1  7
2 10 6 3
9 14 8 4
13 15 11 12


0 1 3 4
5 2 6 8
14 9 7 12
13 10 11 15


0 1 3 4
5 2 6 8
14 9 7 12
13 10 11 15


1 2  8
5 7 4 3
9 6 11 12
13 10 14 15


2 6 3 4
1  7 8
5 10 15 11
9 13 14 12


1 2 3 4
5 6 11 7
0 13 10 8
14 9 15 12


5 1 2 3
9 6 7 4
13 10 11 8
14  15 12


2 6 3 4
1 9 7 8
0 5 10 11
13 14 15 12


1 2 3 4
5 7 8 
14 6 10 11
9 13 15 12


1 2 3 4
5 6 11 7
9 15  8
13 10 14 12


1 2 4 8
5 6 3 12
9 10 7 15
13  14 11


1 3 4 8
5 2 7 11
9 6 10 12
13 14 15 


0 2 3 4
1 9 7 8
6 5 10 11
13 14 15 12


1 2 3 4
5 6 7 8
14 10 11 12
9  13 15


1 2 3 4
5 6 8 
13 9 7 12
10 14 11 15


1 2 3 4
6  11 7
5 14 10 8
9 13 15 12


1 2 3 4
5 6 8 11
9 14  7
13 15 10 12


1 2  3
5 10 8 4
9 7 6 11
13 14 15 1


1 2  3
5 10 8 4
9 7 6 11
13 14 15 1


1 2  3
5 10 8 4
9 7 6 11
13 14 15 1


1 2  3
5 10 8 4
9 7 6 11
13 14 15 12


1 2  3
5 10 8 4
9 7 6 11
13 14 15 12


1 6 2 3
5 7 4 8
9 10 12 
13 14 11 15


1 6 2 3
5 7 4 8
9 10 11 12
13 14  15


1 2 4 7
5 6 11 3
9 10 15 8
0 13 14 12


1 2 4 8
5 6 3 12
9 10 11 
13 14 15 7


1 6 2 3
5 10 7 4
9  15 8
13 14 12 11


1 2 3 4
5 6  7
10 13 11 8
9 14 15 12


1 2 3 4
5 6 8 11
10  7 12
9 13 14 15


1 2 3 4
5 6  7
13 9 11 8
14 15 10 12


9 1 3 4
0 2 6 8
10 5 7 11
13 14 15 12


1 2 3 4
5 6 7 8
9 10 11 14
0 13 15 12


2 3 7 4
1 6 10 8
5  9 12
13 14 11 15


5 1 3 4
2 10 6 8
9 7 15 11
13 14  12


1 2 8 3
9 5 6 4
10  7 11
13 14 15 12


1 2 8 3
5 10 6 4
9 7 11 12
13 14  15


2 3 4 8
1 6  7
5 10 11 12
9 13 14 1


2 3 4 8
1 6  7
5 10 11 12
9 13 14 15


0 1 3 4
5 2 11 7
13 6 10 8
14 9 15 12


1 2 4 7
5 6 3 8
9 10 12 15
13 14 11 


2 3 4 8
1  6 7
5 9 11 12
13 10 14 15


0 1 3 8
5 2 4 7
9 6 11 12
13 10 14 15


1 2 3 4
5 6 7 8
0 14 12 15
9 13 11 10


0 5 3 4
2 1 7 8
9 6 15 11
13 10 14 12


1 2 3 4
5 7 11 8
0 9 6 14
13 10 15 12


1 3 4 8
6 2 11 7
5 10  12
9 13 14 15


1 2 3 4
14 5 7 8
9 6 10 11
13  15 12


1 3 7 4
5 2 10 8
0 14 6 12
9 13 11 15


1 6 2 3
9 5 7 4
13 10  8
14 15 11 12


1 2 3 4
5 6 7 8
0 11 12 15
10 9 13 14


0 2 3 4
1 6 7 8
5 11 12 15
9 13 10 14


1 2 4 8
5  6 3
9 10 7 12
13 14 11 15


1 2  4
5 6 3 8
11 14 7 12
9 13 10 15


