13 13 11 11 11 13 11 11 11 11 13 11 13 11 11 13 11 11 13 11 11 11 11 11 11 11 11 11 11 11 11 13 17 11 11 11 13 13 11 17 11 11 11 11 11 13 11 11 11 13 11 13 13 13 13 13 11 11 11 11 11 11 11 13 11 11 11 11 11 11 11 11 11 11 13 11 11 11 11 11 11 11 11 11 13 11 11 11 11 13 13 11 11 11 13 11 11 11 11 11
263 146 29 168 28 257 366 74 126 159 278 426 161 73 116 246 181 69 110 82 485 18 147 207 104 439 94 230 105 145 80 202 314 279 50 166 72 131 38 133 133 120 413 140 68 24 160 18 97 228 180 100 123 204 67 123 93 279 107 96 78 131 49 268 34 109 92 98 99 311 106 208 225 70 225 207 222 130 126 99 92 99 128 235 250 227 178 52 230 164 1072 256 53 492 496 410 69 303 69 220

11 11 11 11 13 11 11 11 11 11 11 11 13 11 11 11 11 11 11 11 11 11 11 11 11 11 11 11 11 11 11 11 11 11 11 11 13 11 11 11 11 11 11 11 11 11 11 11 11 11 11 11 11 11 11 11 11 11 11 11 11 11 11 11 11 11 11 11 11 11 11 11 11 11 11 11 11 11 11 11 11 11 11 11 11 11 11 11 11 11 11 11 11 11 11 11 11 11 11 11
130 161 162 123 93 578 135 87 269 141 322 53 288 44 85 140 69 136 118 87 239 136 84 143 134 154 126 173 123 130 91 267 136 86 356 305 283 38 185 110 181 114 49 110 117 219 191 112 159 34 356 136 135 103 197 135 144 112 127 132 140 166 49 201 197 93 345 117 50 162 130 113 108 170 118 145 120 142 43 73 125 105 109 86 161 92 186 136 132 48 124 157 258 136 18 172 62 121 174 67

11 11 11 11 13 11 11 11 11 11 11 11 11 11 11 13 11 13 11 11 11 11 11 11 13 11 11 11 11 11 11 11 11 11 11 11 11 13 13 13 13 11 11 13 13 11 11 11 11 11 11 11 13 11 11 13 11 13 11 13 11 11 13 11 11 11 11 11 11 11 11 11 11 11 11 11 11 11 13 13 13 11 11 13 11 11 13 13 11 11 11 11 11 11 11 13 11 11 11 11
3 28 77 4 83 113 162 51 31 162 41 40 190 71 17 55 1 98 184 149 97 74 101 75 145 173 73 301 69 189 3 4 35 170 40 71 37 54 1166 62 25 96 37 94 57 40 46 1 161 3 117 117 78 0 112 131 21 39 112 55 248 31 55 78 36 105 70 39 107 74 105 38 76 134 19 112 2 19 304 113 35 32 107 17 36 37 20 79 128 181 145 19 30 343 111 72 138 33 671 3

11 11 11 11 11 11 11 11 11 11 11 11 11 11 11 11 11 11 11 15 11 11 11 11 11 11 11 11 11 11 11 11 11 11 11 11 11 11 11 11 11 11 11 11 11 11 11 11 11 11 11 11 11 11 11 11 11 11 11 11 11 11 11 11 11 11 11 11 11 11 11 11 11 11 11 11 11 11 11 11 11 11 11 11 11 11 11 15 11 11 11 11 11 11 11 11 11 15 11 15
59 128 116 117 165 178 30 337 182 29 68 132 172 80 143 228 56 18 273 466 49 227 166 132 23 60 199 266 240 165 261 159 178 111 187 183 120 244 171 167 168 123 127 99 198 15 134 311 88 168 131 189 166 379 116 194 99 123 92 56 134 129 19 268 287 175 23 130 239 117 154 193 50 187 109 161 133 173 132 172 49 156 198 68 15 470 99 63 50 17 308 217 293 108 132 165 117 165 344 304

11 11 11 11 11 11 13 11 11 11 11 11 11 11 11 11 11 11 11 11 11 11 11 11 11 11 11 11 13 11 11 11 11 13 11 11 13 11 11 11 11 11 11 11 11 11 11 11 11 11 11 11 11 11 11 11 11 11 11 13 11 11 11 11 11 11 11 11 11 11 11 11 11 11 11 11 11 11 11 11 11 11 11 11 11 11 11 11 11 11 11 11 13 11 11 11 11 11 11 11
3 29 1 17 110 141 181 111 30 69 71 34 37 102 30 32 2 64 662 105 18 37 89 20 67 180 4 98 22 190 261 0 38 260 71 2 100 52 247 17 71 0 71 113 150 3 129 40 114 69 2 3 71 107 385 71 18 80 186 30 36 36 110 2 1 18 157 38 39 1 3 3 1 1 184 1 36 30 104 81 3 77 19 40 74 113 274 80 37 83 79 116 232 74 28 43 181 122 23 43

11 11 11 11 11 11 11 11 11 11 11 11 11 11 11 11 11 11 11 11 11 11 11 11 11 11 11 11 11 11 11 11 11 11 11 11 11 11 11 11 11 11 11 11 17 11 11 11 11 11 13 11 11 11 11 11 11 11 11 11 13 11 11 11 11 11 11 11 11 11 11 11 11 11 11 11 11 11 11 11 11 11 11 11 11 11 11 11 11 11 13 11 11 11 11 11 11 11 11 11
141 122 115 106 154 100 170 114 46 171 141 103 148 146 95 209 141 103 134 153 97 138 101 80 160 81 162 125 132 120 31 158 125 92 90 96 161 96 34 171 110 166 119 109 267 137 162 125 166 213 203 126 51 253 189 153 133 158 138 65 203 128 71 58 133 96 126 126 162 159 147 140 127 128 115 130 128 131 169 165 90 157 192 59 118 89 123 47 158 93 92 157 144 112 147 274 229 84 92 126

11 11 11 11 11 11 11 11 11 11 11 11 11 11 11 11 11 11 11 11 11 11 11 11 11 11 11 11 11 11 11 11 11 11 11 11 11 11 11 19 11 11 11 11 11 11 11 11 11 11 11 11 11 11 11 11 11 11 11 11 11 11 11 11 11 11 11 11 11 11 11 11 11 11 11 11 11 11 11 11 11 11 11 11 11 11 11 11 11 11 11 11 11 11 11 11 11 11 11 11
66 61 83 345 30 34 155 52 70 169 159 133 166 194 161 185 73 88 60 54 74 74 104 28 120 189 324 28 133 69 196 103 307 32 69 17 63 93 114 266 97 93 128 24 185 62 70 135 65 166 62 60 92 132 64 124 96 17 179 114 62 117 60 301 51 30 100 80 305 18 66 65 60 103 66 32 53 97 52 240 67 131 19 99 133 100 62 55 98 69 63 66 114 62 145 84 147 68 95 304

11 11 11 11 11 11 11 11 11 11 11 11 11 11 11 11 11 11 11 11 11 11 11 11 11 11 11 11 11 11 11 11 11 11 11 11 11 11 11 11 11 11 11 11 11 11 11 11 11 11 11 21 11 11 11 11 11 11 11 11 11 11 11 11 11 11 11 11 11 11 11 11 11 11 11 11 11 11 11 11 11 11 11 11 11 11 11 11 11 11 11 11 11 11 11 11 11 11 11 11
621 160 33 343 236 66 235 204 296 145 250 704 34 63 220 66 97 17 70 67 59 446 122 135 197 199 132 66 67 345 51 129 65 891 69 168 321 30 301 54 85 238 82 153 53 70 133 272 102 723 131 196 65 69 152 97 116 67 126 103 59 52 229 68 94 136 154 157 169 162 194 58 58 60 135 187 336 69 130 238 75 90 324 108 177 75 85 516 31 810 69 493 82 672 163 158 122 19 307 62

11 11 11 11 11 11 11 11 11 11 11 11 11 11 11 11 11 11 11 11 11 11 11 11 11 17 11 11 11 11 11 11 11 11 11 11 11 11 11 11 11 11 11 11 11 11 11 11 11 11 11 11 11 15 11 11 11 11 11 11 11 11 11 11 11 11 11 11 11 11 11 11 11 11 11 17 19 11 17 11 11 11 11 11 17 11 11 11 11 11 11 11 11 11 11 15 11 11 11 11
131 999 33 1152 1441 699 51 25 518 614 191 219 253 1 1876 100 162 2019 274 167 902 130 1052 192 199 868 89 807 1631 34 16 166 88 161 420 65 143 101 340 3417 543 338 303 70 1419 380 352 553 3 99 167 379 392 1165 213 101 82 257 1076 434 547 237 377 41 67 269 272 1346 270 562 272 965 163 561 340 296 1630 610 117 216 542 33 103 131 258 764 842 101 455 863 320 66 65 407 1218 387 364 130 131 70

11 11 11 11 13 11 13 11 11 13 11 11 11 11 11 13 11 13 11 11 13 17 13 15 11 11 13 11 11 15 13 11 11 11 11 11 11 11 11 11 13 11 13 13 11 11 13 11 13 11 11 11 13 11 13 11 11 11 11 11 13 11 11 11 11 11 13 13 11 11 13 13 11 11 13 15 11 11 11 13 13 11 11 11 11 11 11 11 11 11 11 11 13 11 11 11 11 11 11 11
202 231 250 291 581 198 129 246 111 269 136 284 390 191 328 160 249 587 183 166 307 522 344 318 216 176 400 374 199 195 164 107 173 173 172 290 347 398 172 387 432 233 237 369 176 167 133 159 329 171 225 311 317 145 298 109 229 129 131 250 160 102 193 441 141 491 357 277 99 96 256 247 268 624 50 448 170 110 263 153 403 369 297 190 318 289 175 403 303 229 87 108 230 174 230 102 230 373 233 204

15 11 11 11 11 11 11 11 11 19 11 11 11 11 11 11 11 11 11 11 11 11 11 11 11 11 11 11 11 11 11 11 11 11 11 25 11 19 11 11 11 11 11 11 11 11 11 11 11 11 11 11 11 11 11 11 11 11 23 11 11 11 11 11 11 11 11 11 11 11 11 11 11 11 11 11 11 19 11 11 11 11 11 11 11 11 11 11 11 11 11 11 11 11 11 15 11 11 11 11
2312 0 1 77 55 941 67 17 552 1391 404 138 172 430 137 312 142 162 592 212 507 348 35 106 1383 506 386 1359 586 939 1 1 479 585 822 848 202 277 100 661 500 104 938 205 1929 68 16 653 2 52 237 1412 69 16 847 3 1091 2062 1028 282 108 166 1 1361 1 702 405 210 1845 213 617 18 574 113 532 538 37 354 467 90 470 118 68 257 281 33 210 29 206 71 563 207 1749 827 37 143 390 243 412 264

11 11 11 11 41 15 11 11 15 11 11 19 11 11 11 11 11 11 11 11 11 11 11 11 11 11 23 11 11 11 15 11 17 11 17 15 11 15 21 11 11 17 11 11 11 11 11 11 17 11 11 11 15 17 11 11 19 11 11 11 11 11 11 11 11 11 11 11 23 21 11 11 11 11 11 11 15 11 19 15 11 15 11 11 11 11 11 15 11 11 11 11 11 11 15 15 11 17 11 11
419 423 450 127 3584 1839 93 25 588 424 602 897 94 524 492 385 67 1341 24 633 187 2220 383 450 1148 131 127 70 855 32 312 35 206 2764 715 1848 617 258 588 163 1996 738 3066 890 17 228 24 490 235 99 275 303 410 266 1086 809 1001 628 135 819 1208 25 69 989 534 1 304 129 1313 488 132 510 301 2 611 128 438 67 197 362 2860 936 562 1740 422 2179 2606 623 400 1604 4099 1579 2 781 513 1051 679 1943 858 2265

11 11 11 11 11 11 11 11 11 11 11 11 11 11 11 11 11 11 11 11 11 11 11 11 15 11 17 11 11 11 15 11 11 11 11 11 11 11 11 11 11 11 11 11 11 23 11 11 15 11 11 15 11 11 11 11 11 11 11 11 11 11 11 11 17 11 11 11 11 11 11 11 11 11 11 11 11 17 11 11 11 11 11 11 11 11 11 11 11 11 11 11 11 11 11 15 11 11 11 11
100 425 2 270 197 1151 135 397 420 135 105 624 287 851 34 174 134 991 73 220 335 2 2142 70 574 18 1259 100 131 101 271 219 17 322 760 53 478 96 80 385 69 2593 647 128 1048 927 224 34 510 134 371 167 23 27 28 172 463 115 278 70 324 220 1743 16 274 517 275 270 67 101 1378 23 906 652 86 1792 102 510 384 210 367 771 31 97 130 162 638 31 226 1160 774 204 637 200 272 575 350 1491 1113 1

11 13 11 11 11 11 11 13 13 11 15 13 11 11 13 15 11 11 11 11 13 17 11 13 13 11 11 11 13 15 11 15 11 11 11 11 13 11 11 11 11 17 13 11 11 11 11 15 11 13 11 13 11 13 11 11 13 15 13 11 11 13 13 13 11 13 19 11 11 17 13 11 11 11 11 17 13 11 11 11 13 13 11 15 11 11 11 11 11 13 15 13 13 11 11 13 11 11 11 13
67 216 146 846 402 896 94 1185 778 100 1426 230 1895 188 233 232 160 683 47 152 537 291 406 624 280 29 892 82 790 407 89 186 5719 484 176 92 380 1357 763 98 270 748 479 30 749 1091 236 334 65 312 64 371 685 814 33 835 365 1057 286 228 393 340 177 193 1267 429 1236 937 1127 519 523 515 100 337 199 408 162 238 510 1011 743 50 124 390 105 73 93 783 92 438 599 590 315 129 226 1010 132 93 2123 621

11 11 11 11 11 11 11 11 11 11 11 11 11 11 11 11 11 11 11 11 11 11 11 11 11 11 11 11 11 11 11 11 11 11 11 11 11 11 11 11 11 11 11 11 11 11 11 11 11 11 11 11 11 11 11 11 11 11 11 11 11 11 11 11 11 11 11 11 11 11 11 11 11 11 11 11 11 11 11 11 11 11 11 11 11 11 11 11 11 11 11 11 11 11 11 11 11 11 11 11
12 4 1 1 9 79 5 0 48 49 4 27 1 4 3 3 4 0 22 2 38 0 32 41 5 2 43 35 4 67 1 0 32 31 2 3 27 24 2 0 2 26 0 20 29 0 21 1 1 0 1 1 4 0 1 30 2 1 20 1 31 40 1 3 28 0 0 2 22 0 35 32 39 40 18 2 2 1 0 57 33 1 30 1 41 0 2 34 33 1 2 18 1 0 2 2 2 19 1 1

