1 6 2 3
5 7 4 8
9 10 12 0
13 14 11 15

1 6 2 3
5 7 4 8
9 10 11 12
13 14 0 15

1 2 4 7
5 6 11 3
9 10 15 8
0 13 14 12

1 2 4 8
5 6 3 12
9 10 11 0
13 14 15 7

1 6 2 3
5 10 7 4
9 0 15 8
13 14 12 11

1 2 3 4
5 6 0 7
10 13 11 8
9 14 15 12

1 2 3 4
5 6 8 11
10 0 7 12
9 13 14 15

1 2 3 4
5 6 0 7
13 9 11 8
14 15 10 12

9 1 3 4
0 2 6 8
10 5 7 11
13 14 15 12

1 2 3 4
5 6 7 8
9 10 11 14
0 13 15 12

2 3 7 4
1 6 10 8
5 0 9 12
13 14 11 15

5 1 3 4
2 10 6 8
9 7 15 11
13 14 0 12

1 2 8 3
9 5 6 4
10 0 7 11
13 14 15 12

1 2 8 3
5 10 6 4
9 7 11 12
13 14 0 15

2 3 4 8
1 6 0 7
5 10 11 12
9 13 14 15
