12 12 12 12 12 12 12 12 12 12 12 12 12 12 12 12 12 12 12 12 12 12 12 18 12 12 16 12 12 12 12 12 12 12 12 12 12 12 12 12 22 20 12 12 12 12 12 12 12 12 12 12 12 16 12 12 12 12 12 12 18 12 12 12 12 12 12 12 12 16 12 12 22 12 12 16 12 12 12 12 12 12 12 12 16 12 12 12 16 16 12 12 12 12 12 30 12 12 12 12
3419 3456 1236 542 138 142 834 519 98 370 397 575 323 35 1101 167 577 823 3284 921 242 120 496 99 1 274 210 243 1320 1485 319 320 63 453 1 168 576 434 2447 201 2890 1037 354 338 607 735 885 210 278 390 218 506 737 235 244 577 389 317 137 128 247 93 285 284 347 307 67 210 273 173 362 500 1991 402 365 324 106 1754 548 1145 19 1457 608 121 617 187 213 313 822 203 512 949 1003 1614 537 1432 377 498 160 140

12 12 12 12 12 12 12 12 12 12 12 12 12 12 12 12 12 12 12 12 12 12 12 12 12 12 12 12 12 12 12 12 12 12 12 12 12 12 12 12 12 12 12 12 12 12 12 12 12 12 12 12 12 12 12 12 12 12 12 12 12 12 12 12 12 12 12 12 12 12 12 12 12 12 12 12 12 12 20 12 12 12 12 12 12 12 12 12 12 12 12 12 12 12 12 12 12 12 12 12
281 36 131 87 807 37 18 193 2 291 169 70 72 75 67 69 29 161 0 182 36 323 40 148 1 151 1084 39 123 40 36 399 384 37 306 246 2 108 75 390 195 19 156 43 3 114 75 272 151 18 149 3 114 281 108 147 1786 121 649 35 134 42 81 77 367 4 163 31 74 128 1 132 442 74 143 38 29 430 189 91 90 1 292 35 165 291 422 1 114 3 62 861 107 109 143 194 420 447 293 478

12 12 12 12 12 12 12 12 12 12 12 12 12 12 12 12 22 12 12 12 12 12 12 12 18 12 12 12 12 12 12 28 12 20 12 12 12 20 12 12 12 12 12 12 12 12 12 12 12 12 12 12 12 16 12 16 12 12 12 18 12 16 12 12 12 16 12 12 12 12 18 12 12 16 12 12 12 12 12 12 12 12 12 12 12 12 16 12 12 12 12 12 18 12 12 12 12 12 12 12
430 126 36 137 223 70 105 72 183 428 167 587 99 140 173 540 659 983 352 134 277 137 324 537 621 124 168 70 225 771 134 1385 65 790 85 107 312 338 167 559 30 19 657 352 102 139 865 169 217 1229 107 95 2546 333 69 327 213 51 120 429 39 206 277 126 93 424 86 312 141 245 393 949 1084 249 266 67 69 121 313 148 163 365 665 267 145 412 370 311 432 280 192 675 281 352 341 298 1280 572 546 75

12 12 12 14 14 12 12 20 12 12 12 12 14 12 12 12 18 12 12 12 12 12 14 12 12 12 12 12 12 12 14 12 18 12 12 12 12 12 12 12 12 12 14 12 12 12 12 12 12 12 12 12 12 12 12 12 12 14 12 14 18 12 12 12 14 12 12 12 14 12 14 18 12 12 12 12 12 12 12 12 12 12 12 12 12 12 12 12 12 12 12 12 12 12 12 12 12 14 12 12
205 513 281 193 298 148 79 117 127 126 97 124 193 174 363 163 407 300 105 71 137 70 133 69 132 58 97 157 66 73 340 264 251 142 129 96 95 24 108 108 157 189 254 97 173 193 62 821 97 334 83 534 126 55 131 62 17 133 97 94 407 128 30 124 185 331 191 64 191 53 131 149 120 140 62 107 160 65 64 94 149 84 50 87 88 161 341 67 101 196 16 102 140 108 214 1330 144 61 63 337

12 12 12 12 12 12 12 12 12 12 12 12 12 12 12 12 12 12 12 12 12 12 12 12 12 12 12 12 12 12 12 12 16 12 18 22 12 12 12 12 12 12 12 12 12 12 12 12 22 12 12 12 12 12 12 12 12 12 12 12 12 12 12 18 12 12 18 12 12 12 12 12 12 12 12 12 12 12 12 12 12 12 12 12 12 12 12 12 12 12 12 12 12 18 12 12 12 12 12 12
69 275 68 107 273 113 37 2 275 102 71 953 25 78 168 2 18 582 435 377 64 350 336 349 270 25 19 18 920 356 3 21 572 133 168 52 67 1896 115 107 544 103 82 1 318 665 51 210 341 4 302 168 67 66 141 162 177 641 67 1355 131 206 275 616 227 32 369 131 238 1 235 29 68 237 471 105 156 593 132 142 77 106 180 816 348 242 426 16 281 57 35 64 35 310 37 189 138 67 133 755

14 18 12 16 12 18 12 12 12 20 12 12 12 12 12 20 12 12 12 12 12 12 18 12 12 20 12 12 12 12 14 22 22 12 12 12 12 12 12 12 12 14 12 14 12 12 12 12 12 14 12 12 12 12 16 24 12 12 12 12 12 12 12 12 12 12 12 18 12 12 12 12 12 12 32 18 12 12 12 12 16 12 12 12 12 12 18 12 12 12 12 12 12 22 12 18 12 12 12 12
821 7646 68 4392 799 2176 328 1518 226 444 679 1192 690 294 449 418 165 689 497 393 422 2038 5480 241 233 2074 2021 421 255 1130 382 4598 1322 8250 1916 87 156 3874 796 6563 837 981 5935 1529 819 11685 527 2930 852 791 586 968 400 325 417 2738 527 937 1103 3445 2490 2697 2390 793 69 7105 395 129 129 2350 133 319 825 3745 1870 350 253 322 1050 3072 1004 159 161 1230 823 125 2623 331 1537 269 78 2717 93 2429 760 279 774 2023 400 1816

12 12 12 12 12 12 12 12 12 12 12 12 12 12 12 12 12 12 12 12 12 12 12 12 12 12 12 12 12 12 12 12 12 12 12 12 12 12 12 12 12 12 12 12 12 12 12 12 12 12 12 12 12 12 12 12 12 12 12 12 12 12 12 12 12 12 12 12 12 12 12 12 12 12 12 12 12 12 12 12 12 12 12 12 12 12 12 12 12 12 12 12 12 12 12 12 12 12 12 12
240 17 77 26 73 261 269 189 1 90 36 185 62 22 328 316 771 333 294 75 304 2 45 72 694 97 38 501 140 256 323 74 0 79 2 105 106 63 77 36 1 259 105 107 224 127 74 2 77 96 0 21 112 71 126 3 2 41 20 328 76 295 317 138 419 2 449 878 41 149 64 261 151 148 78 41 73 41 106 190 37 21 36 39 99 78 3 340 3 158 325 153 197 21 109 2 32 366 64 165

12 12 12 12 12 16 12 12 12 12 12 12 12 12 12 12 12 12 18 12 12 12 12 12 12 12 12 12 12 12 12 12 12 12 12 12 12 16 12 12 12 12 12 12 12 12 12 12 12 12 12 16 12 12 12 12 16 12 12 12 12 12 12 12 12 12 12 12 12 12 16 12 12 12 12 12 12 12 12 12 12 12 12 12 12 12 16 12 12 12 12 12 12 12 12 12 12 16 12 12
410 1310 924 177 468 528 278 235 634 457 575 281 470 854 849 187 233 321 627 1355 277 143 931 1149 512 230 159 612 254 1002 127 59 879 139 1196 160 504 204 360 252 283 157 321 1718 383 142 401 126 148 140 281 316 115 241 495 442 283 122 56 174 56 126 219 62 215 191 533 478 288 221 330 352 219 436 618 336 3588 124 176 1266 841 258 772 1131 203 130 269 231 599 1941 393 318 138 241 89 415 555 259 499 306

14 12 12 12 14 12 12 12 12 26 12 12 12 14 12 12 14 12 12 24 12 14 18 12 12 12 12 12 12 12 18 12 12 16 12 12 12 12 12 12 12 26 12 12 12 14 12 12 14 12 12 12 12 12 18 18 12 12 12 12 12 14 12 16 16 12 12 12 12 12 12 26 14 12 18 12 12 28 14 12 12 12 12 12 12 12 14 14 12 12 14 16 12 12 12 12 12 12 12 12
250 2336 2479 225 1088 4747 1537 1124 849 685 2439 1361 202 1762 4089 29 1029 11506 56 4284 2465 61 763 26 598 2116 413 2498 149 311 13077 54 311 5837 870 6032 627 111 2321 1843 6329 1789 4340 62 3 158 139 1414 60 384 3609 1629 3142 224 10165 585 73 961 391 470 929 203 204 957 1920 2547 1366 96 708 861 420 2336 2234 1303 505 146 18858 3297 4039 918 1676 9902 1236 2089 899 53 4192 1246 3750 1505 1351 797 35 591 1203 323 432 3027 756 2918

12 12 12 12 12 12 12 12 12 22 12 12 12 12 12 20 12 12 12 12 12 12 12 12 12 12 12 12 12 12 12 12 12 12 12 12 12 12 12 12 12 12 12 12 12 12 12 12 12 12 12 12 12 12 12 12 12 12 12 12 12 12 12 12 12 12 12 20 12 12 12 12 12 12 12 12 12 12 12 12 12 12 12 12 12 12 12 12 12 12 12 12 12 12 12 12 12 12 12 12
1 78 95 88 71 2 306 314 59 166 41 27 40 397 144 131 1 182 42 429 33 76 1 75 37 322 101 159 71 41 113 19 224 20 325 244 76 77 2 63 38 42 298 3 89 37 72 33 90 215 171 73 80 79 32 69 74 53 18 111 30 311 19 42 255 18 91 687 101 54 130 1 148 2 32 70 104 18 21 81 298 26 2 127 35 19 68 35 181 39 166 32 281 39 19 575 168 0 35 80

12 12 12 12 12 12 12 12 12 12 12 12 12 12 12 12 12 12 12 12 12 12 12 12 12 12 18 12 12 12 12 12 12 12 12 12 12 12 12 12 12 12 12 12 12 12 12 12 12 12 12 12 12 12 12 12 12 12 12 12 12 12 12 12 12 12 12 12 12 12 12 12 12 12 12 12 12 12 12 12 12 12 12 12 12 12 12 12 12 12 12 12 12 12 12 12 12 12 12 12
39 40 3 19 2 39 3 117 59 1 149 26 1 130 42 38 92 134 28 23 80 43 0 37 68 74 107 2 71 35 72 40 78 36 39 39 2 3 19 1 45 0 73 54 72 250 39 0 1 30 1 21 35 41 3 1 3 19 29 3 40 78 2 1 27 109 26 2 38 30 1 3 1 112 32 72 2 1 2 3 53 142 84 21 1 42 81 27 1 18 3 78 27 1 4 108 82 34 2 70

12 12 12 18 12 12 12 12 12 12 12 12 12 12 12 12 12 12 12 12 12 12 12 12 12 12 12 12 12 12 12 12 12 12 12 12 12 12 12 12 12 12 18 12 12 12 12 12 12 12 12 12 12 12 12 12 12 12 12 12 12 12 12 12 12 12 12 12 12 12 12 12 12 12 12 12 12 12 12 12 12 12 12 12 12 12 12 12 12 12 12 12 12 12 12 12 12 12 12 12
194 40 43 265 106 5 78 2 2 29 113 54 0 3 37 151 109 1 72 89 35 36 217 18 26 40 140 36 1 1 101 74 101 147 32 20 3 3 71 27 108 107 322 34 65 34 36 26 1 33 26 57 87 86 3 31 84 146 87 133 0 3 35 26 37 68 37 55 53 130 2 67 61 69 2 79 86 141 52 18 2 88 30 19 35 195 0 38 35 38 694 51 36 85 35 195 37 2 106 175

16 12 12 12 12 12 12 12 12 24 12 12 12 14 12 12 12 12 22 12 12 12 14 16 12 12 12 12 12 12 12 18 12 12 12 12 12 12 12 12 12 22 12 12 22 12 12 12 12 12 12 12 12 12 12 12 12 12 12 12 12 12 14 12 12 12 12 14 12 12 12 12 12 12 22 12 12 12 24 14 12 12 12 12 12 12 12 12 12 14 12 12 12 12 12 12 12 20 12 12
310 189 486 115 4196 400 33 276 886 2770 4166 1353 232 459 8404 703 274 1147 1342 500 277 1529 1627 790 106 1032 465 214 1090 34 463 428 1527 114 608 3806 7035 3107 31 2626 197 484 131 3119 1043 547 216 237 162 284 84 70 66 25 1916 766 611 443 693 115 4191 274 414 533 181 1202 2186 943 801 488 239 572 2133 1473 2463 354 1016 1400 503 206 438 276 106 717 3197 389 984 2268 48 198 835 2907 1075 99 68 440 551 636 2714 276

