0 1 3 4
5 2 11 7
13 6 10 8
14 9 15 12

2 3 4 8
1 0 6 7
5 9 11 12
13 10 14 15

0 1 3 8
5 2 4 7
9 6 11 12
13 10 14 15

1 2 3 4
5 6 7 8
0 14 12 15
9 13 11 10

0 5 3 4
2 1 7 8
9 6 15 11
13 10 14 12

1 2 3 4
5 7 11 8
0 9 6 14
13 10 15 12

1 3 4 8
6 2 11 7
5 10 0 12
9 13 14 15

1 2 3 4
14 5 7 8
9 6 10 11
13 0 15 12

1 3 7 4
5 2 10 8
0 14 6 12
9 13 11 15

1 6 2 3
9 5 7 4
13 10 0 8
14 15 11 12

1 2 3 4
5 6 7 8
0 11 12 15
10 9 13 14

0 2 3 4
1 6 7 8
5 11 12 15
9 13 10 14

1 2 0 4
5 6 3 8
11 14 7 12
9 13 10 15
